7 57 16
7 60 17
7 63 18
7 67 19
7 70 20
7 74 21
7 77 22
7 81 23
7 84 24
7 88 25
7 91 26
7 95 28
7 102 29
7 105 30
7 109 31
7 112 32
7 116 34
7 123 35
7 126 37
7 133 39
7 140 40
7 144 41
7 147 43
7 154 45
7 161 47
7 168 48
7 172 50
7 179 51
7 182 53
7 189 54
7 193 56
7 200 58
7 207 60
7 214 62
7 221 65
7 231 67
7 238 70
7 249 72
7 256 74
7 263 75
7 266 77
7 273 79
7 280 82
7 291 85
7 301 88
7 312 90
7 319 92
7 326 94
7 333 97
7 343 100
7 354 104
7 368 108
7 382 111
7 392 112
7 396 115
7 406 119
7 420 123
7 434 126
7 445 129
7 455 132
7 466 135
7 476 138
7 487 142
7 501 146
7 515 150
7 529 154
7 543 158
7 557 160
7 564 164
7 578 168
7 592 172
7 606 176
7 620 180
7 634 184
7 648 189
7 665 194
7 683 198
7 697 203
7 714 208
7 732 212
7 746 217
7 763 223
7 784 228
7 802 231
7 812 234
7 823 237
7 833 241
7 847 247
7 868 252
7 886 258
7 907 265
7 931 271
7 952 277
7 973 283
7 994 290
7 1019 296
7 1040 303
7 1064 309
7 1085 315
7 1106 322
7 1131 329
7 1155 336
7 1180 343
7 1204 350
7 1229 358
7 1257 366
7 1285 373
7 1309 380
7 1334 389
7 1365 396
7 1390 404
7 1418 411
7 1442 418
7 1467 426
7 1495 435
7 1526 445
7 1561 453
7 1589 463
7 1624 472
7 1656 482
7 1691 491
7 1722 500
7 1754 510
7 1789 520
7 1824 531
7 1862 542
7 1901 552
7 1936 562
7 1971 572
7 2006 584
7 2048 597
7 2093 609
7 2135 619
7 2170 631
7 2212 644
7 2258 656
7 2300 669
7 2345 683
7 2394 697
7 2443 710
7 2489 724
7 2538 737
7 2583 752
7 2636 765
7 2681 779
7 2730 792
7 2776 806
7 2825 823
7 2884 839
7 2940 854
7 2993 869
7 3045 885
7 3101 901
7 3157 919
7 3220 936
7 3280 954
7 3343 971
7 3402 988
7 3462 1006
7 3525 1026
7 3595 1045
7 3661 1065
7 3731 1085
7 3801 1104
7 3868 1124
7 3938 1145
7 4011 1167
7 4088 1190
7 4169 1214
7 4253 1235
7 4326 1260
7 4414 1284
7 4498 1308
7 4582 1330
7 4659 1353
7 4739 1376
7 4820 1400
7 4904 1425
7 4991 1452
7 5086 1477
7 5173 1504
7 5268 1532
7 5366 1558
7 5457 1587
7 5558 1616
7 5660 1647
7 5768 1677
7 5873 1709
7 5985 1740
7 6094 1771
7 6202 1801
7 6307 1834
7 6423 1868
7 6542 1902
7 6661 1934
7 6773 1966
7 6885 2000
7 7004 2036
7 7130 2074
7 7263 2111
7 7392 2149
7 7525 2188
7 7662 2227
7 7798 2268
7 7942 2307
7 8078 2349
7 8225 2390
7 8369 2432
7 8516 2475
7 8666 2520
7 8824 2565
7 8981 2610
7 9139 2655
7 9296 2700
7 9454 2749
7 9625 2799
7 9800 2848
7 9972 2899
7 10150 2950
7 10329 3003
7 10514 3057
7 10703 3110
7 10889 3166
7 11085 3224
7 11288 3282
7 11491 3339
7 11690 3400
7 11904 3461
7 12117 3522
7 12331 3583
7 12544 3648
7 12772 3713
7 12999 3778
7 13227 3845
7 13461 3913
7 13699 3978
7 13927 4048
7 14172 4117
7 14413 4191
7 14672 4267
7 14938 4344
7 15208 4423
7 15484 4500
7 15754 4577
7 16023 4655
7 16296 4736
7 16580 4818
7 16867 4903
7 17164 4988
7 17462 5074
7 17763 5163
7 18074 5252
7 18386 5342
7 18701 5436
7 19030 5532
7 19366 5628
7 19702 5728
7 20052 5830
7 20409 5932
7 20766 6033
7 21119 6138
7 21487 6243
7 21854 6352
7 22236 6464
7 22628 6577
7 23023 6690
7 23419 6808
7 23832 6927
7 24248 7049
7 24675 7170
7 25099 7296
7 25540 7424
7 25988 7552
7 26436 7686
7 26905 7821
7 27377 7956
7 27850 8094
7 28333 8232
7 28816 8373
7 29309 8519
7 29820 8665
7 30331 8817
7 30863 8968
7 31392 9124
7 31938 9282
7 32491 9444
7 33058 9605
7 33621 9776
7 34220 9948
7 34822 10120
7 35424 10293
7 36029 10472
7 36656 10650
7 37279 10833
7 37919 11024
7 38588 11215
7 39256 11408
7 39932 11605
7 40621 11807
7 41328 12010
7 42039 12221
7 42777 12435
7 43526 12650
7 44279 12867
7 45038 13086
7 45805 13313
7 46599 13545
7 47411 13779
7 48230 14017
7 49063 14260
7 49914 14508
7 50782 14754
7 51643 15007
7 52528 15269
7 53445 15531
7 54362 15800
7 55304 16070
7 56249 16349
7 57225 16633
7 58219 16918
7 59217 17204
7 60218 17502
7 61261 17805
7 62321 18110
7 63389 18424
7 64488 18739
7 65590 19063
7 66724 19389
7 67865 19726
7 69045 20063
7 70224 20408
7 71432 20760
7 72664 21121
7 73927 21482
7 75191 21847
7 76468 22222
7 77781 22604
7 79118 22991
7 80472 23388
7 81862 23793
7 83279 24203
7 84714 24618
7 86167 25039
7 87640 25470
7 89149 25908
7 90682 26355
7 92246 26809
7 93835 27270
7 95449 27738
7 97087 28208
7 98732 28693
7 100429 29185
7 102151 29682
7 103891 30189
7 105665 30708
7 107482 31231
7 109312 31766
7 111185 32308
7 113082 32862
7 115021 33430
7 117009 33999
7 119000 34581
7 121037 35174
7 123113 35779
7 125230 36390
7 127369 37016
7 129560 37650
7 131779 38298
7 134047 38950
7 136329 39618
7 138667 40294
7 141033 40986
7 143455 41688
7 145912 42403
7 148414 43133
7 150969 43865
7 153531 44610
7 156139 45376
7 158820 46156
7 161550 46945
7 164311 47755
7 167146 48566
7 169985 49404
7 172918 50259
7 175910 51119
7 178920 51995
7 181986 52890
7 185119 53798
7 188297 54713
7 191499 55646
7 194765 56595
7 198086 57570
7 201499 58551
7 204932 59556
7 208450 60574
7 212013 61613
7 215649 62658
7 219307 63732
7 223066 64827
7 226898 65932
7 230766 67065
7 234731 68214
7 238753 69376
7 242820 70565
7 246981 71778
7 251227 73003
7 255514 74245
7 259861 75509
7 264285 76797
7 268793 78107
7 273378 79431
7 278012 80787
7 282758 82163
7 287574 83572
7 292506 84999
7 297500 86442
7 302551 87917
7 307713 89418
7 312967 90945
7 318311 92506
7 323775 94086
7 329305 95697
7 334943 97330
7 340659 98989
7 346465 100688
7 352412 102410
7 358439 104164
7 364578 105945
7 370811 107762
7 377171 109599
7 383600 111473
7 390159 113374
7 396813 115312
7 403596 117291
7 410522 119302
7 417561 121338
7 424687 123413
7 431949 125518
7 439317 127660
7 446814 129834
7 454423 132053
7 462189 134315
7 470106 136605
7 478121 138931
7 486262 141302
7 494561 143717
7 503013 146165
7 511581 148669
7 520345 151216
7 529260 153798
7 538297 156417
7 547463 159081
7 556787 161798
7 566297 164551
7 575932 167363
7 585774 170221
7 595777 173121
7 605927 176061
7 616217 179067
7 626738 182129
7 637455 185228
7 648302 188388
7 659362 191601
7 670607 194862
7 682021 198181
7 693637 201567
7 705488 205011
7 717542 208509
7 729785 212070
7 742249 215697
7 754943 219372
7 767806 223110
7 780889 226916
7 794210 230778
7 807727 234719
7 821520 238721
7 835527 242792
7 849776 246937
7 864283 251154
7 879043 255438
7 894037 259789
7 909265 264215
7 924756 268724
7 940538 273301
7 956557 277957
7 972853 282700
7 989454 287525
7 1006341 292423
7 1023484 297406
7 1040925 302489
7 1058715 307648
7 1076772 312896
7 1095140 318229
7 1113805 323662
7 1132821 329174
7 1152113 334783
7 1171744 340495
7 1191736 346310
7 1212089 352216
7 1232760 358216
7 1253760 364331
7 1275162 370534
7 1296873 376857
7 1319003 383279
7 1341480 389809
7 1364335 396453
7 1387589 403221
7 1411277 410093
7 1435329 417099
7 1459850 424208
7 1484732 431458
7 1510107 438809
7 1535835 446292
7 1562026 453900
7 1588654 461640
7 1615744 469517
7 1643313 477526
7 1671345 485675
7 1699866 493953
7 1728839 502383
7 1758344 510941
7 1788297 519645
7 1818761 528497
7 1849743 537502
7 1881261 546663
7 1913324 555973
7 1945909 565447
7 1979068 575078
7 2012777 584886
7 2047105 594853
7 2081989 604996
7 2117490 615309
7 2153585 625800
7 2190304 636466
7 2227635 647330
7 2265659 658357
7 2304253 669587
7 2343558 680995
7 2383486 692604
7 2424118 704422
7 2465481 716431
7 2507512 728637
7 2550233 741063
7 2593724 753708
7 2637982 766550
7 2682929 779617
7 2728663 792901
7 2775157 806421
7 2822477 820184
7 2870648 834164
7 2919578 848378
7 2969327 862844
7 3019958 877551
7 3071432 892510
7 3123789 907718
7 3177017 923190
7 3231169 938932
7 3286266 954929
7 3342255 971209
7 3399235 987759
7 3457160 1004604
7 3516118 1021724
7 3576038 1039151
7 3637032 1056870
7 3699049 1074879
7 3762080 1093193
7 3826179 1111817
7 3891363 1130769
7 3957695 1150034
7 4025123 1169643
7 4093754 1189575
7 4163516 1209857
7 4234503 1230471
7 4306652 1251454
7 4380093 1272785
7 4454751 1294479
7 4530680 1316532
7 4607866 1338970
7 4686399 1361786
7 4766255 1385004
7 4847518 1408621
7 4930177 1432635
7 5014226 1457056
7 5099700 1481889
7 5186615 1507155
7 5275046 1532836
7 5364930 1558955
7 5456346 1585523
7 5549334 1612531
7 5643862 1640030
7 5740109 1667978
7 5837927 1696404
7 5937418 1725309
7 6038585 1754717
7 6141513 1784624
7 6246188 1815051
7 6352682 1846002
7 6461011 1877475
7 6571166 1909460
7 6683114 1942011
7 6797042 1975107
7 6912878 2008770
7 7030699 2042996
7 7150490 2077813
7 7272349 2113239
7 7396340 2149243
7 7522354 2185869
7 7650545 2223129
7 7780955 2261023
7 7913584 2299549
7 8048425 2338755
7 8185646 2378602
7 8325111 2419146
7 8467015 2460397
7 8611393 2502337
7 8758183 2544991
7 8907472 2588355
7 9059246 2632469
7 9213645 2677320
7 9370624 2722937
7 9530283 2769349
7 9692725 2816550
7 9857929 2864540
7 10025894 2913351
7 10196732 2962986
7 10370455 3013495
7 10547236 3064838
7 10726937 3117080
7 10909784 3170202
7 11095711 3224211
7 11284742 3279169
7 11477095 3335047
7 11672668 3391887
7 11871608 3449683
7 12073894 3508485
