1 1
2 1
3 1
4 2
5 2
6 2
7 2
8 2
9 3
10 3
11 3
12 3
13 3
14 4
15 4
16 5
17 5
18 5
19 5
20 6
21 6
22 6
23 6
24 7
25 7
26 7
27 8
28 8
29 8
30 8
31 8
32 9
33 9
34 10
35 10
36 10
37 10
38 11
39 11
40 12
41 12
42 12
43 12
44 12
45 12
46 13
47 13
48 13
49 14
50 14
51 15
52 15
53 15
54 15
55 15
56 15
57 16
58 17
59 17
60 17
61 17
62 18
63 18
64 18
65 19
66 19
67 19
68 20
69 20
70 20
71 20
72 21
73 21
74 21
75 21
76 21
77 22
78 22
79 22
80 23
81 23
82 23
83 23
84 24
85 24
86 24
87 25
88 25
89 25
90 26
91 26
92 26
93 27
94 28
95 28
96 28
97 28
98 28
99 28
100 29
101 29
102 29
103 29
104 30
105 30
106 30
107 30
108 31
109 31
110 31
111 32
112 32
113 32
114 33
115 34
116 34
117 34
118 35
119 35
120 35
121 35
122 35
123 35
124 35
125 37
126 37
127 37
128 38
129 38
130 39
131 39
132 39
133 39
134 39
135 40
136 40
137 40
138 40
139 40
140 41
141 41
142 41
143 42
144 42
145 43
146 43
147 44
148 44
149 44
150 44
151 44
152 44
153 45
154 45
155 45
156 46
157 46
158 46
159 47
160 47
161 48
162 48
163 48
164 48
165 48
166 48
167 48
168 50
169 50
170 50
171 50
172 51
173 51
174 51
175 51
176 53
177 53
178 53
179 53
180 54
181 54
182 54
183 54
184 54
185 54
186 54
187 56
188 56
189 56
190 56
191 56
192 57
193 57
194 57
195 58
196 58
197 58
198 58
199 58
200 59
201 59
202 60
203 60
204 60
205 61
206 61
207 61
208 62
209 62
210 63
211 63
212 63
213 63
214 63
215 63
216 65
217 65
218 65
219 66
220 66
221 66
222 66
223 66
224 67
225 67
226 67
227 67
228 68
229 68
230 68
231 69
232 69
233 69
234 70
235 70
236 70
237 70
238 71
239 71
240 71
241 71
242 72
243 72
244 72
245 73
246 73
247 74
248 74
249 75
250 75
251 75
252 75
253 75
254 77
255 77
256 77
257 77
258 77
259 77
260 77
261 77
262 77
263 77
264 77
265 79
266 79
267 80
268 80
269 80
270 80
271 80
272 81
273 82
274 82
275 83
276 83
277 83
278 84
279 84
280 84
281 84
282 84
283 84
284 85
285 85
286 86
287 86
288 86
289 87
290 87
291 88
292 88
293 88
294 88
295 88
296 88
297 88
298 88
299 89
300 90
301 90
302 91
303 91
304 91
305 91
306 92
307 92
308 92
309 93
310 93
311 93
312 93
313 93
314 93
315 94
316 94
317 94
318 95
319 95
320 95
321 96
322 97
323 98
324 98
325 98
326 98
327 99
328 99
329 99
330 99
331 99
332 101
333 101
334 101
335 102
336 102
337 102
338 102
339 103
340 103
341 104
342 104
343 104
344 104
345 104
346 104
347 104
348 106
349 106
350 106
351 106
352 107
353 107
354 108
355 108
356 108
357 108
358 109
359 109
360 109
361 110
362 110
363 110
364 111
365 111
366 111
367 111
368 112
369 112
370 112
371 112
372 112
373 112
374 113
375 113
376 115
377 115
378 115
379 115
380 116
381 116
382 116
383 116
384 117
385 117
386 117
387 117
388 117
389 117
390 117
391 117
392 118
393 119
394 120
395 120
396 120
397 120
398 120
399 121
400 122
401 122
402 122
403 123
404 123
405 123
406 124
407 124
408 124
409 124
410 125
411 125
412 125
413 125
414 126
415 126
416 127
417 127
418 128
419 128
420 128
421 128
422 129
423 129
424 130
425 130
426 130
427 130
428 130
429 131
430 131
431 131
432 132
433 132
434 133
435 133
436 133
437 134
438 134
439 134
440 134
441 135
442 135
443 135
444 135
445 135
446 135
447 135
448 137
449 137
450 137
451 138
452 138
453 138
454 138
455 139
456 139
457 139
458 140
459 140
460 141
461 141
462 141
463 141
464 142
465 142
466 142
467 142
468 143
469 143
470 143
471 143
472 143
473 144
474 144
475 144
476 145
477 145
478 146
479 146
480 146
481 147
482 148
483 148
484 148
485 149
486 149
487 149
488 150
489 150
490 150
491 150
492 150
493 150
494 151
495 151
496 152
497 152
498 153
499 153
500 153
501 154
502 154
503 154
504 154
505 154
506 154
507 154
508 155
509 155
510 155
511 155
512 155
513 157
514 157
515 157
516 158
517 158
518 159
519 159
520 159
521 159
522 160
523 160
524 160
525 160
526 160
527 160
528 163
529 163
530 164
531 164
532 164
533 165
534 165
535 165
536 165
537 165
538 165
539 165
540 165
541 165
542 166
543 166
544 167
545 167
546 168
547 168
548 168
549 168
550 169
551 170
552 170
553 170
554 171
555 171
556 171
557 171
558 171
559 172
560 172
561 172
562 172
563 172
564 173
565 173
566 174
567 174
568 174
569 174
570 176
571 176
572 176
573 177
574 177
575 177
576 178
577 178
578 178
579 179
580 179
581 180
582 180
583 180
584 180
585 180
586 180
587 180
588 181
589 181
590 182
591 182
592 183
593 183
594 183
595 184
596 184
597 184
598 184
599 184
600 185
601 185
602 185
603 185
604 186
605 186
606 186
607 186
608 187
609 187
610 187
611 187
612 187
613 187
614 187
615 188
616 188
617 188
618 188
619 188
620 190
621 191
622 191
623 192
624 192
625 192
626 192
627 192
628 193
629 193
630 194
631 194
632 194
633 195
634 195
635 195
636 195
637 195
638 197
639 197
640 198
641 198
642 198
643 198
644 198
645 198
646 199
647 199
648 199
649 201
650 201
651 201
652 202
653 202
654 202
655 202
656 203
657 203
658 203
659 203
660 204
661 204
662 204
663 204
664 204
665 204
666 205
667 205
668 205
669 206
670 206
671 206
672 208
673 208
674 208
675 208
676 209
677 209
678 209
679 209
680 209
681 210
682 210
683 210
684 210
685 210
686 210
687 210
688 211
689 211
690 212
691 212
692 212
693 212
694 213
695 213
696 213
697 214
698 214
699 215
700 215
701 215
702 215
703 216
704 217
705 217
706 217
707 217
708 218
709 218
710 218
711 219
712 219
713 219
714 221
715 221
716 221
717 221
718 221
719 221
720 221
721 222
722 222
723 223
724 223
725 224
726 224
727 224
728 224
729 224
730 225
731 226
732 226
733 226
734 226
735 227
736 228
737 228
738 228
739 228
740 228
741 229
742 229
743 229
744 230
745 230
746 230
747 230
748 231
749 231
750 232
751 232
752 232
753 232
754 233
755 233
756 234
757 234
758 234
759 235
760 235
761 235
762 235
763 236
764 236
765 236
766 237
767 237
768 238
769 238
770 238
771 238
772 238
773 238
774 238
775 239
776 239
777 240
778 240
779 241
780 241
781 242
782 242
783 242
784 243
785 244
786 244
787 244
788 244
789 245
790 245
791 245
792 245
793 245
794 245
795 247
796 247
797 247
798 247
799 247
800 248
801 248
802 249
803 249
804 249
805 250
806 251
807 251
808 252
809 252
810 252
811 252
812 252
813 252
814 253
815 253
816 253
817 253
818 254
819 254
820 255
821 255
822 255
823 255
824 255
825 255
826 255
827 255
828 257
829 257
830 257
831 258
832 258
833 259
834 259
835 259
836 259
837 260
838 260
839 260
840 260
841 260
842 260
843 262
844 262
845 262
846 263
847 263
848 264
849 264
850 264
851 265
852 265
853 265
854 266
855 266
856 266
857 266
858 266
859 266
860 266
861 266
862 267
863 267
864 267
865 267
866 268
867 268
868 268
869 269
870 269
871 271
872 271
873 272
874 272
875 272
876 273
877 273
878 273
879 273
880 273
881 273
882 273
883 273
884 274
885 274
886 274
887 274
888 277
889 277
890 278
891 278
892 278
893 279
894 279
895 279
896 279
897 280
898 280
899 280
900 280
901 280
902 281
903 282
904 282
905 282
906 283
907 283
908 283
909 284
910 284
911 284
912 284
913 285
914 285
915 285
916 285
917 285
918 286
919 286
920 286
921 286
922 287
923 287
924 287
925 289
926 289
927 289
928 289
929 289
930 290
931 290
932 290
933 291
934 291
935 292
936 292
937 292
938 292
939 293
940 293
941 293
942 294
943 294
944 294
945 294
946 294
947 294
948 295
949 295
950 296
951 296
952 296
953 296
954 298
955 298
956 298
957 299
958 299
959 299
960 299
961 299
962 299
963 300
964 300
965 300
966 301
967 301
968 301
969 302
970 302
971 302
972 303
973 303
974 303
975 304
976 304
977 304
978 304
979 304
980 304
981 305
982 305
983 305
984 305
985 306
986 307
987 307
988 308
989 309
990 309
991 309
992 310
993 310
994 311
995 311
996 312
997 312
998 312
999 312
1000 312
1001 313
1002 313
1003 314
1004 314
1005 315
1006 315
1007 315
1008 315
1009 315
1010 316
1011 316
1012 316
1013 316
1014 317
1015 317
1016 318
1017 318
1018 318
1019 318
1020 319
1021 319
1022 319
1023 319
1024 320
1025 320
1026 321
1027 321
1028 322
1029 322
1030 322
1031 322
1032 322
1033 322
1034 322
1035 323
1036 323
1037 323
1038 323
1039 323
1040 323
1041 324
1042 325
1043 326
1044 326
1045 327
1046 327
1047 327
1048 328
1049 328
1050 328
1051 328
1052 328
1053 329
1054 329
1055 329
1056 330
1057 330
1058 330
1059 330
1060 330
1061 330
1062 331
1063 331
1064 331
1065 332
1066 332
1067 333
1068 333
1069 333
1070 333
1071 334
1072 334
1073 335
1074 335
1075 335
1076 336
1077 336
1078 337
1079 337
1080 338
1081 338
1082 338
1083 339
1084 339
1085 339
1086 340
1087 340
1088 340
1089 340
1090 340
1091 340
1092 340
1093 340
1094 341
1095 341
1096 341
1097 341
1098 341
1099 344
1100 344
1101 344
1102 345
1103 345
1104 345
1105 345
1106 345
1107 346
1108 346
1109 346
1110 347
1111 347
1112 348
1113 348
1114 349
1115 349
1116 350
1117 350
1118 350
1119 350
1120 350
1121 350
1122 350
1123 350
1124 350
1125 350
1126 350
1127 352
1128 353
1129 353
1130 353
1131 354
1132 354
1133 354
1134 355
1135 355
1136 355
1137 356
1138 356
1139 356
1140 357
1141 357
1142 357
1143 357
1144 357
1145 358
1146 358
1147 359
1148 359
1149 360
1150 360
1151 360
1152 361
1153 361
1154 361
1155 362
1156 362
1157 363
1158 363
1159 364
1160 364
1161 364
1162 364
1163 364
1164 365
1165 365
1166 366
1167 366
1168 366
1169 367
1170 367
1171 367
1172 368
1173 368
1174 368
1175 368
1176 368
1177 369
1178 369
1179 369
1180 370
1181 370
1182 370
1183 371
1184 371
1185 371
1186 372
1187 372
1188 372
1189 373
1190 373
1191 374
1192 374
1193 374
1194 375
1195 375
1196 376
1197 376
1198 376
1199 377
1200 377
1201 377
1202 377
1203 377
1204 378
1205 378
1206 378
1207 379
1208 379
1209 380
1210 380
1211 380
1212 381
1213 381
1214 381
1215 381
1216 382
1217 382
1218 382
1219 383
1220 383
1221 384
1222 384
1223 384
1224 384
1225 386
1226 386
1227 386
1228 387
1229 387
1230 387
1231 387
1232 387
1233 387
1234 388
1235 388
1236 388
1237 388
1238 389
1239 389
1240 390
1241 390
1242 390
1243 391
1244 391
1245 391
1246 391
1247 391
1248 391
1249 391
1250 392
1251 392
1252 392
1253 393
1254 393
1255 393
1256 394
1257 394
1258 395
1259 395
1260 395
1261 395
1262 395
1263 396
1264 396
1265 397
1266 397
1267 398
1268 398
1269 398
1270 399
1271 399
1272 399
1273 400
1274 401
1275 402
1276 402
1277 402
1278 402
1279 402
1280 403
1281 403
1282 403
1283 403
1284 404
1285 404
1286 404
1287 405
1288 405
1289 405
1290 405
1291 405
1292 405
1293 405
1294 405
1295 405
1296 405
1297 405
1298 408
1299 408
1300 408
1301 408
1302 408
1303 408
1304 408
1305 408
1306 409
1307 409
1308 409
1309 411
1310 411
1311 411
1312 412
1313 412
1314 412
1315 413
1316 413
1317 414
1318 414
1319 414
1320 414
1321 414
1322 414
1323 414
1324 414
1325 414
1326 414
1327 414
1328 414
1329 415
1330 415
1331 417
1332 417
1333 418
1334 418
1335 419
1336 419
1337 420
1338 420
1339 420
1340 421
1341 421
1342 422
1343 422
1344 423
1345 423
1346 424
1347 424
1348 424
1349 424
1350 425
1351 425
1352 425
1353 425
1354 425
1355 425
1356 426
1357 426
1358 427
1359 427
1360 427
1361 427
1362 428
1363 428
1364 429
1365 430
1366 430
1367 430
1368 430
1369 430
1370 431
1371 431
1372 432
1373 432
1374 432
1375 432
1376 432
1377 433
1378 433
1379 434
1380 434
1381 434
1382 434
1383 435
1384 435
1385 436
1386 436
1387 436
1388 437
1389 437
1390 437
1391 437
1392 437
1393 437
1394 438
1395 438
1396 438
1397 439
1398 439
1399 439
1400 440
1401 441
1402 441
1403 441
1404 441
1405 442
1406 443
1407 443
1408 444
1409 444
1410 444
1411 445
1412 445
1413 445
1414 446
1415 446
1416 446
1417 447
1418 447
1419 448
1420 448
1421 448
1422 448
1423 448
1424 448
1425 449
1426 450
1427 450
1428 451
1429 451
1430 451
1431 452
1432 452
1433 452
1434 452
1435 453
1436 453
1437 454
1438 454
1439 454
1440 454
1441 455
1442 455
1443 455
1444 455
1445 456
1446 456
1447 456
1448 456
1449 456
1450 457
1451 457
1452 458
1453 458
1454 458
1455 458
1456 459
1457 460
1458 460
1459 460
1460 460
1461 460
1462 461
1463 461
1464 462
1465 462
1466 463
1467 463
1468 464
1469 464
1470 464
1471 464
1472 464
1473 464
1474 464
1475 464
1476 466
1477 466
1478 466
1479 467
1480 467
1481 467
1482 468
1483 468
1484 468
1485 468
1486 468
1487 468
1488 469
1489 469
1490 469
1491 469
1492 470
1493 470
1494 470
1495 470
1496 471
1497 471
1498 472
1499 472
1500 472
1501 472
1502 473
1503 473
1504 473
1505 474
1506 474
1507 474
1508 475
1509 475
1510 475
1511 475
1512 475
1513 476
1514 476
1515 477
1516 477
1517 477
1518 478
1519 478
1520 479
1521 479
1522 480
1523 480
1524 480
1525 481
1526 481
1527 481
1528 481
1529 482
1530 482
1531 482
1532 483
1533 483
1534 483
1535 484
1536 485
1537 485
1538 485
1539 486
1540 486
1541 486
1542 487
1543 487
1544 487
1545 488
1546 488
1547 488
1548 489
1549 489
1550 489
1551 489
1552 490
1553 490
1554 491
1555 491
1556 491
1557 492
1558 493
1559 493
1560 493
1561 493
1562 493
1563 493
1564 493
1565 494
1566 494
1567 494
1568 494
1569 494
1570 495
1571 495
1572 495
1573 495
1574 496
1575 496
1576 497
1577 497
1578 497
1579 497
1580 498
1581 498
1582 499
1583 499
1584 499
1585 500
1586 500
1587 500
1588 500
1589 500
1590 500
1591 501
1592 501
1593 502
1594 502
1595 502
1596 503
1597 503
1598 503
1599 505
1600 505
1601 505
1602 505
1603 506
1604 506
1605 506
1606 506
1607 506
1608 506
1609 506
1610 508
1611 508
1612 509
1613 509
1614 509
1615 510
1616 510
1617 510
1618 510
1619 510
1620 511
1621 511
1622 511
1623 511
1624 513
1625 513
1626 513
1627 513
1628 513
1629 513
1630 514
1631 514
1632 515
1633 515
1634 516
1635 516
1636 516
1637 516
1638 517
1639 517
1640 517
1641 518
1642 518
1643 519
1644 519
1645 519
1646 520
1647 520
1648 520
1649 521
1650 521
1651 522
1652 522
1653 523
1654 523
1655 524
1656 524
1657 524
1658 524
1659 525
1660 525
1661 525
1662 525
1663 525
1664 525
1665 525
1666 526
1667 526
1668 526
1669 526
1670 526
1671 527
1672 527
1673 527
1674 528
1675 529
1676 529
1677 529
1678 529
1679 530
1680 530
1681 531
1682 531
1683 531
1684 532
1685 532
1686 533
1687 533
1688 533
1689 533
1690 534
1691 534
1692 534
1693 534
1694 535
1695 535
1696 536
1697 536
1698 536
1699 536
1700 536
1701 537
1702 537
1703 538
1704 538
1705 539
1706 539
1707 539
1708 539
1709 539
1710 541
1711 541
1712 542
1713 542
1714 542
1715 543
1716 543
1717 544
1718 544
1719 544
1720 545
1721 545
1722 545
1723 545
1724 545
1725 546
1726 546
1727 546
1728 546
1729 546
1730 546
1731 546
1732 546
1733 546
1734 547
1735 547
1736 548
1737 548
1738 549
1739 549
1740 549
1741 549
1742 551
1743 551
1744 551
1745 551
1746 551
1747 551
1748 551
1749 552
1750 553
1751 553
1752 553
1753 553
1754 554
1755 554
1756 554
1757 555
1758 555
1759 555
1760 555
1761 555
1762 556
1763 556
1764 556
1765 557
1766 557
1767 559
1768 559
1769 559
1770 559
1771 559
1772 560
1773 560
1774 560
1775 562
1776 562
1777 562
1778 562
1779 563
1780 563
1781 564
1782 564
1783 564
1784 564
1785 565
1786 565
1787 565
1788 565
1789 565
1790 566
1791 566
1792 567
1793 567
1794 567
1795 567
1796 567
1797 567
1798 568
1799 568
1800 569
1801 569
1802 569
1803 570
1804 570
1805 570
1806 570
1807 571
1808 571
1809 572
1810 573
1811 573
1812 573
1813 573
1814 574
1815 574
1816 574
1817 574
1818 575
1819 575
1820 575
1821 575
1822 575
1823 575
1824 577
1825 577
1826 578
1827 578
1828 579
1829 579
1830 580
1831 580
1832 580
1833 580
1834 580
1835 580
1836 580
1837 581
1838 581
1839 582
1840 582
1841 582
1842 583
1843 583
1844 583
1845 584
1846 584
1847 584
1848 584
1849 584
1850 586
1851 586
1852 587
1853 587
1854 588
1855 589
1856 589
1857 589
1858 589
1859 590
1860 590
1861 590
1862 590
1863 591
1864 591
1865 592
1866 592
1867 592
1868 592
1869 592
1870 593
1871 593
1872 593
1873 593
1874 594
1875 594
1876 594
1877 594
1878 594
1879 594
1880 594
1881 594
1882 594
1883 594
1884 596
1885 596
1886 597
1887 597
1888 597
1889 597
1890 598
1891 598
1892 599
1893 599
1894 599
1895 600
1896 601
1897 601
1898 602
1899 602
1900 602
1901 602
1902 603
1903 603
1904 603
1905 604
1906 604
1907 604
1908 604
1909 605
1910 605
1911 606
1912 606
1913 606
1914 606
1915 607
1916 607
1917 608
1918 608
1919 608
1920 608
1921 608
1922 609
1923 609
1924 609
1925 609
1926 609
1927 610
1928 610
1929 610
1930 610
1931 610
1932 611
1933 611
1934 611
1935 613
1936 613
1937 614
1938 614
1939 614
1940 615
1941 615
1942 616
1943 616
1944 617
1945 617
1946 618
1947 618
1948 618
1949 618
1950 619
1951 619
1952 619
1953 620
1954 620
1955 620
1956 621
1957 621
1958 622
1959 622
1960 623
1961 623
1962 623
1963 624
1964 624
1965 624
1966 624
1967 624
1968 624
1969 624
1970 624
1971 626
1972 626
1973 626
1974 627
1975 627
1976 627
1977 627
1978 627
1979 627
1980 627
1981 628
1982 628
1983 628
1984 630
1985 631
1986 631
1987 631
1988 632
1989 632
1990 633
1991 633
1992 633
1993 633
1994 634
1995 634
1996 634
1997 634
1998 635
1999 635
2000 635
2001 636
2002 636
2003 636
2004 636
2005 636
2006 637
2007 638
2008 638
2009 638
2010 638
2011 638
2012 638
2013 638
2014 639
2015 639
2016 639
2017 639
2018 639
2019 640
2020 641
2021 642
2022 642
2023 642
2024 643
2025 644
2026 644
2027 644
2028 644
2029 644
2030 645
2031 646
2032 646
2033 646
2034 646
2035 646
2036 646
2037 647
2038 647
2039 647
2040 648
2041 648
2042 648
2043 649
2044 649
2045 650
2046 651
2047 651
2048 651
2049 652
2050 652
2051 652
2052 653
2053 653
2054 653
2055 654
2056 654
2057 655
2058 655
2059 655
2060 656
2061 656
2062 656
2063 656
2064 656
2065 656
2066 657
2067 657
2068 657
2069 657
2070 658
2071 658
2072 658
2073 659
2074 659
2075 660
2076 660
2077 660
2078 660
2079 661
2080 661
2081 661
2082 662
2083 662
2084 662
2085 662
2086 663
2087 663
2088 663
2089 663
2090 664
2091 664
2092 664
2093 665
2094 665
2095 665
2096 665
2097 665
2098 667
2099 667
2100 667
2101 667
2102 667
2103 667
2104 667
2105 668
2106 668
2107 669
2108 669
2109 670
2110 670
2111 670
2112 671
2113 671
2114 671
2115 671
2116 671
2117 671
2118 673
2119 673
2120 674
2121 674
2122 675
2123 675
2124 675
2125 675
2126 675
2127 676
2128 676
2129 676
2130 677
2131 677
2132 677
2133 678
2134 678
2135 679
2136 679
2137 679
2138 679
2139 680
2140 680
2141 680
2142 680
2143 680
2144 680
2145 680
2146 681
2147 681
2148 682
2149 682
2150 682
2151 682
2152 682
2153 682
2154 683
2155 683
2156 684
2157 684
2158 684
2159 685
2160 685
2161 685
2162 687
2163 687
2164 687
2165 689
2166 689
2167 689
2168 689
2169 690
2170 690
2171 690
2172 691
2173 692
2174 692
2175 692
2176 693
2177 693
2178 694
2179 694
2180 694
2181 695
2182 695
2183 695
2184 696
2185 696
2186 696
2187 696
2188 697
2189 697
2190 697
2191 697
2192 698
2193 698
2194 699
2195 699
2196 699
2197 700
2198 700
2199 700
2200 701
2201 701
2202 702
2203 702
2204 702
2205 702
2206 703
2207 703
2208 703
2209 703
2210 704
2211 704
2212 704
2213 704
2214 705
2215 705
2216 706
2217 706
2218 706
2219 707
2220 707
2221 707
2222 707
2223 708
2224 708
2225 708
2226 709
2227 709
2228 710
2229 710
2230 710
2231 711
2232 711
2233 711
2234 712
2235 712
2236 712
2237 712
2238 713
2239 713
2240 713
2241 713
2242 713
2243 713
2244 714
2245 714
2246 714
2247 714
2248 714
2249 714
2250 715
2251 715
2252 715
2253 715
2254 715
2255 716
2256 716
2257 717
2258 717
2259 717
2260 718
2261 718
2262 719
2263 719
2264 721
2265 721
2266 721
2267 721
2268 723
2269 723
2270 723
2271 723
2272 724
2273 724
2274 724
2275 725
2276 725
2277 725
2278 725
2279 725
2280 725
2281 725
2282 726
2283 726
2284 727
2285 727
2286 729
2287 729
2288 729
2289 729
2290 730
2291 730
2292 731
2293 731
2294 731
2295 732
2296 732
2297 732
2298 732
2299 733
2300 733
2301 734
2302 734
2303 734
2304 735
2305 735
2306 735
2307 735
2308 735
2309 735
2310 735
2311 735
2312 735
2313 735
2314 735
2315 735
2316 735
2317 735
2318 735
2319 735
2320 737
2321 737
2322 737
2323 739
2324 739
2325 741
2326 741
2327 741
2328 742
2329 742
2330 742
2331 742
2332 743
2333 743
2334 743
2335 743
2336 745
2337 745
2338 745
2339 745
2340 746
2341 746
2342 746
2343 746
2344 747
2345 747
2346 748
2347 748
2348 748
2349 748
2350 748
2351 748
2352 748
2353 749
2354 749
2355 751
2356 751
2357 751
2358 752
2359 752
2360 752
2361 753
2362 753
2363 754
2364 754
2365 754
2366 754
2367 754
2368 754
2369 754
2370 755
2371 755
2372 755
2373 755
2374 755
2375 757
2376 758
2377 758
2378 758
2379 758
2380 759
2381 759
2382 759
2383 759
2384 759
2385 759
2386 759
2387 759
2388 761
2389 761
2390 761
2391 762
2392 762
2393 762
2394 762
2395 763
2396 763
2397 763
2398 763
2399 763
2400 764
2401 764
2402 766
2403 766
2404 766
2405 767
2406 767
2407 767
2408 768
2409 768
2410 768
2411 768
2412 768
2413 769
2414 769
2415 770
2416 770
2417 770
2418 771
2419 771
2420 772
2421 772
2422 772
2423 772
2424 773
2425 774
2426 775
2427 775
2428 775
2429 775
2430 775
2431 775
2432 775
2433 775
2434 776
2435 776
2436 776
2437 776
2438 777
2439 777
2440 777
2441 777
2442 778
2443 778
2444 779
2445 779
2446 779
2447 779
2448 780
2449 780
2450 780
2451 780
2452 781
2453 781
2454 781
2455 781
2456 782
2457 782
2458 782
2459 782
2460 782
2461 782
2462 783
2463 783
2464 783
2465 783
2466 785
2467 785
2468 785
2469 785
2470 786
2471 786
2472 786
2473 786
2474 787
2475 787
2476 788
2477 788
2478 788
2479 789
2480 789
2481 789
2482 790
2483 790
2484 790
2485 791
2486 791
2487 791
2488 792
2489 792
2490 792
2491 793
2492 793
2493 793
2494 793
2495 793
2496 794
2497 794
2498 795
2499 795
2500 795
2501 796
2502 796
2503 796
2504 797
2505 797
2506 798
2507 799
2508 799
2509 799
2510 799
2511 799
2512 799
2513 801
2514 801
2515 801
2516 802
2517 802
2518 803
2519 803
2520 803
2521 803
2522 804
2523 804
2524 805
2525 805
2526 805
2527 805
2528 805
2529 805
2530 806
2531 806
2532 806
2533 806
2534 806
2535 806
2536 806
2537 807
2538 807
2539 807
2540 808
2541 808
2542 808
2543 808
2544 809
2545 809
2546 811
2547 811
2548 812
2549 812
2550 812
2551 812
2552 812
2553 813
2554 813
2555 815
2556 815
2557 815
2558 815
2559 815
2560 816
2561 817
2562 817
2563 817
2564 817
2565 818
2566 818
2567 818
2568 819
2569 819
2570 819
2571 820
2572 820
2573 821
2574 821
2575 822
2576 822
2577 823
2578 823
2579 823
2580 823
2581 824
2582 824
2583 825
2584 825
2585 825
2586 825
2587 825
2588 825
2589 825
2590 826
2591 826
2592 827
2593 827
2594 827
2595 827
2596 828
2597 828
2598 828
2599 829
2600 829
2601 830
2602 830
2603 830
2604 831
2605 831
2606 831
2607 832
2608 834
2609 834
2610 834
2611 834
2612 834
2613 835
2614 835
2615 835
2616 836
2617 836
2618 836
2619 836
2620 836
2621 836
2622 836
2623 836
2624 836
2625 838
2626 838
2627 838
2628 839
2629 839
2630 840
2631 841
2632 841
2633 841
2634 841
2635 842
2636 842
2637 843
2638 843
2639 843
2640 844
2641 844
2642 844
2643 845
2644 845
2645 845
2646 846
2647 846
2648 846
2649 847
2650 848
2651 848
2652 848
2653 849
2654 849
2655 849
2656 850
2657 850
2658 850
2659 850
2660 850
2661 851
2662 851
2663 851
2664 851
2665 851
2666 852
2667 852
2668 852
2669 853
2670 853
2671 853
2672 854
2673 854
2674 854
2675 856
2676 856
2677 856
2678 856
2679 856
2680 857
2681 857
2682 858
2683 858
2684 858
2685 858
2686 858
2687 858
2688 859
2689 859
2690 859
2691 859
2692 860
2693 860
2694 860
2695 861
2696 861
2697 862
2698 862
2699 862
2700 863
2701 863
2702 864
2703 864
2704 864
2705 864
2706 864
2707 864
2708 865
2709 865
2710 865
2711 865
2712 866
2713 866
2714 866
2715 868
2716 868
2717 868
2718 868
2719 868
2720 868
2721 869
2722 869
2723 871
2724 871
2725 871
2726 871
2727 871
2728 872
2729 872
2730 872
2731 872
2732 872
2733 873
2734 873
2735 873
2736 874
2737 874
2738 874
2739 875
2740 875
2741 875
2742 875
2743 876
2744 876
2745 876
2746 876
2747 877
2748 878
2749 878
2750 878
2751 878
2752 879
2753 879
2754 879
2755 880
2756 880
2757 880
2758 880
2759 880
2760 880
2761 880
2762 880
2763 880
2764 881
2765 881
2766 883
2767 883
2768 883
2769 885
2770 885
2771 885
2772 886
2773 886
2774 887
2775 887
2776 888
2777 888
2778 888
2779 889
2780 889
2781 889
2782 890
2783 890
2784 890
2785 891
2786 891
2787 892
2788 892
2789 892
2790 893
2791 893
2792 893
2793 893
2794 893
2795 894
2796 894
2797 894
2798 894
2799 895
2800 895
2801 895
2802 895
2803 895
2804 896
2805 896
2806 896
2807 897
2808 897
2809 897
2810 897
2811 897
2812 898
2813 898
2814 899
2815 899
2816 899
2817 899
2818 899
2819 899
2820 901
2821 901
2822 902
2823 902
2824 903
2825 903
2826 903
2827 904
2828 904
2829 905
2830 905
2831 905
2832 906
2833 906
2834 906
2835 907
2836 907
2837 907
2838 907
2839 908
2840 908
2841 909
2842 909
2843 909
2844 909
2845 910
2846 910
2847 910
2848 910
2849 910
2850 910
2851 910
2852 910
2853 911
2854 911
2855 913
2856 913
2857 913
2858 913
2859 913
2860 914
2861 914
2862 914
2863 915
2864 915
2865 915
2866 915
2867 916
2868 916
2869 916
2870 917
2871 917
2872 917
2873 918
2874 918
2875 918
2876 919
2877 919
2878 920
2879 920
2880 920
2881 921
2882 921
2883 922
2884 922
2885 922
2886 923
2887 923
2888 923
2889 923
2890 925
2891 925
2892 925
2893 926
2894 926
2895 926
2896 927
2897 927
2898 927
2899 927
2900 928
2901 928
2902 928
2903 928
2904 928
2905 928
2906 928
2907 929
2908 929
2909 929
2910 930
2911 930
2912 931
2913 931
2914 932
2915 932
2916 933
2917 933
2918 933
2919 933
2920 934
2921 934
2922 935
2923 935
2924 935
2925 936
2926 936
2927 936
2928 936
2929 936
2930 936
2931 937
2932 937
2933 938
2934 938
2935 938
2936 939
2937 939
2938 940
2939 940
2940 940
2941 940
2942 940
2943 941
2944 941
2945 942
2946 942
2947 942
2948 943
2949 943
2950 943
2951 943
2952 944
2953 944
2954 944
2955 945
2956 946
2957 946
2958 946
2959 946
2960 946
2961 947
2962 947
2963 947
2964 948
2965 948
2966 948
2967 949
2968 949
2969 949
2970 949
2971 949
2972 950
2973 950
2974 950
2975 950
2976 950
2977 951
2978 951
2979 951
2980 953
2981 953
2982 954
2983 954
2984 954
2985 955
2986 955
2987 955
2988 956
2989 956
2990 957
2991 957
2992 957
2993 957
2994 958
2995 958
2996 959
2997 959
2998 959
2999 959
3000 960
3001 960
3002 960
3003 960
3004 960
3005 961
3006 962
3007 962
3008 962
3009 963
3010 963
3011 963
3012 964
3013 964
3014 965
3015 965
3016 965
3017 966
3018 966
3019 966
3020 966
3021 967
3022 967
3023 967
3024 967
3025 968
3026 968
3027 968
3028 968
3029 969
3030 970
3031 970
3032 970
3033 971
3034 971
3035 972
3036 972
3037 972
3038 972
3039 973
3040 973
3041 973
3042 974
3043 974
3044 974
3045 975
3046 975
3047 976
3048 976
3049 976
3050 976
3051 977
3052 978
3053 978
3054 978
3055 979
3056 979
3057 980
3058 980
3059 980
3060 980
3061 980
3062 981
3063 981
3064 981
3065 981
3066 982
3067 982
3068 982
3069 983
3070 983
3071 984
3072 984
3073 985
3074 985
3075 985
3076 986
3077 986
3078 986
3079 986
3080 986
3081 987
3082 987
3083 987
3084 987
3085 987
3086 987
3087 988
3088 988
3089 988
3090 988
3091 989
3092 989
3093 989
3094 989
3095 989
3096 991
3097 991
3098 991
3099 992
3100 992
3101 992
3102 992
3103 993
3104 993
3105 994
3106 994
3107 994
3108 994
3109 994
3110 995
3111 995
3112 995
3113 996
3114 996
3115 997
3116 997
3117 998
3118 998
3119 998
3120 998
3121 998
3122 999
3123 999
3124 1000
3125 1000
3126 1000
3127 1002
3128 1002
3129 1003
3130 1003
3131 1003
3132 1004
3133 1004
3134 1004
3135 1005
3136 1005
3137 1005
3138 1005
3139 1006
3140 1006
3141 1007
3142 1007
3143 1007
3144 1007
3145 1007
3146 1009
3147 1010
3148 1010
3149 1010
3150 1010
3151 1010
3152 1011
3153 1011
3154 1012
3155 1012
3156 1012
3157 1013
3158 1013
3159 1014
3160 1014
3161 1014
3162 1014
3163 1014
3164 1014
3165 1015
3166 1015
3167 1015
3168 1015
3169 1015
3170 1016
3171 1016
3172 1017
3173 1017
3174 1017
3175 1018
3176 1018
3177 1018
3178 1019
3179 1020
3180 1020
3181 1020
3182 1020
3183 1020
3184 1020
3185 1020
3186 1021
3187 1021
3188 1021
3189 1022
3190 1022
3191 1022
3192 1022
3193 1023
3194 1023
3195 1025
3196 1026
3197 1026
3198 1026
3199 1027
3200 1027
3201 1028
3202 1028
3203 1028
3204 1028
3205 1029
3206 1029
3207 1029
3208 1029
3209 1029
3210 1030
3211 1030
3212 1031
3213 1031
3214 1032
3215 1032
3216 1032
3217 1032
3218 1032
3219 1032
3220 1033
3221 1033
3222 1033
3223 1034
3224 1034
3225 1034
3226 1034
3227 1035
3228 1036
3229 1036
3230 1036
3231 1036
3232 1036
3233 1036
3234 1037
3235 1037
3236 1037
3237 1038
3238 1038
3239 1038
3240 1039
3241 1039
3242 1040
3243 1040
3244 1041
3245 1041
3246 1041
3247 1042
3248 1042
3249 1043
3250 1043
3251 1043
3252 1043
3253 1043
3254 1044
3255 1045
3256 1046
3257 1046
3258 1046
3259 1046
3260 1047
3261 1047
3262 1047
3263 1048
3264 1048
3265 1048
3266 1049
3267 1050
3268 1050
3269 1050
3270 1050
3271 1050
3272 1050
3273 1050
3274 1050
3275 1050
3276 1051
3277 1051
3278 1052
3279 1052
3280 1052
3281 1053
3282 1053
3283 1053
3284 1053
3285 1055
3286 1055
3287 1056
3288 1056
3289 1056
3290 1056
3291 1056
3292 1057
3293 1057
3294 1058
3295 1058
3296 1058
3297 1059
3298 1059
3299 1059
3300 1060
3301 1060
3302 1060
3303 1060
3304 1061
3305 1061
3306 1061
3307 1061
3308 1062
3309 1062
3310 1062
3311 1063
3312 1063
3313 1063
3314 1064
3315 1064
3316 1065
3317 1065
3318 1065
3319 1065
3320 1066
3321 1066
3322 1066
3323 1066
3324 1066
3325 1066
3326 1067
3327 1067
3328 1067
3329 1067
3330 1068
3331 1068
3332 1068
3333 1069
3334 1069
3335 1070
3336 1070
3337 1070
3338 1072
3339 1072
3340 1072
3341 1073
3342 1073
3343 1073
3344 1073
3345 1073
3346 1074
3347 1074
3348 1074
3349 1074
3350 1075
3351 1075
3352 1076
3353 1076
3354 1076
3355 1077
3356 1077
3357 1078
3358 1078
3359 1078
3360 1078
3361 1078
3362 1079
3363 1079
3364 1080
3365 1080
3366 1080
3367 1081
3368 1081
3369 1081
3370 1081
3371 1081
3372 1082
3373 1082
3374 1082
3375 1082
3376 1084
3377 1084
3378 1085
3379 1085
3380 1085
3381 1085
3382 1085
3383 1086
3384 1086
3385 1087
3386 1087
3387 1087
3388 1088
3389 1088
3390 1088
3391 1088
3392 1088
3393 1090
3394 1090
3395 1090
3396 1091
3397 1091
3398 1092
3399 1092
3400 1093
3401 1093
3402 1094
3403 1094
3404 1094
3405 1095
3406 1095
3407 1095
3408 1096
3409 1096
3410 1097
3411 1097
3412 1097
3413 1097
3414 1098
3415 1098
3416 1098
3417 1098
3418 1099
3419 1099
3420 1099
3421 1100
3422 1100
3423 1100
3424 1100
3425 1100
3426 1100
3427 1101
3428 1101
3429 1102
3430 1102
3431 1102
3432 1102
3433 1102
3434 1102
3435 1103
3436 1103
3437 1104
3438 1106
3439 1106
3440 1107
3441 1107
3442 1107
3443 1107
3444 1107
3445 1108
3446 1108
3447 1108
3448 1109
3449 1109
3450 1109
3451 1110
3452 1110
3453 1110
3454 1110
3455 1110
3456 1111
3457 1111
3458 1111
3459 1111
3460 1111
3461 1111
3462 1112
3463 1112
3464 1112
3465 1112
3466 1113
3467 1113
3468 1114
3469 1114
3470 1114
3471 1114
3472 1115
3473 1115
3474 1116
3475 1117
3476 1117
3477 1118
3478 1118
3479 1118
3480 1118
3481 1119
3482 1119
3483 1119
3484 1120
3485 1121
3486 1121
3487 1121
3488 1122
3489 1122
3490 1123
3491 1123
3492 1123
3493 1124
3494 1124
3495 1124
3496 1125
3497 1125
3498 1125
3499 1125
3500 1125
3501 1125
3502 1125
3503 1125
3504 1125
3505 1126
3506 1126
3507 1126
3508 1128
3509 1128
3510 1129
3511 1129
3512 1129
3513 1130
3514 1130
3515 1131
3516 1131
3517 1131
3518 1131
3519 1131
3520 1132
3521 1132
3522 1133
3523 1133
3524 1133
3525 1133
3526 1134
3527 1134
3528 1134
3529 1134
3530 1134
3531 1134
3532 1134
3533 1134
3534 1134
3535 1134
3536 1135
3537 1135
3538 1136
3539 1136
3540 1136
3541 1136
3542 1136
3543 1137
3544 1137
3545 1137
3546 1138
3547 1138
3548 1138
3549 1138
3550 1139
3551 1140
3552 1140
3553 1141
3554 1141
3555 1141
3556 1141
3557 1141
3558 1142
3559 1142
3560 1142
3561 1143
3562 1143
3563 1143
3564 1144
3565 1144
3566 1145
3567 1145
3568 1145
3569 1146
3570 1146
3571 1146
3572 1146
3573 1147
3574 1147
3575 1148
3576 1148
3577 1149
3578 1149
3579 1149
3580 1150
3581 1150
3582 1150
3583 1150
3584 1150
3585 1150
3586 1151
3587 1151
3588 1152
3589 1153
3590 1153
3591 1154
3592 1154
3593 1154
3594 1155
3595 1155
3596 1155
3597 1155
3598 1155
3599 1155
3600 1157
3601 1157
3602 1157
3603 1158
3604 1158
3605 1159
3606 1159
3607 1159
3608 1159
3609 1159
3610 1160
3611 1160
3612 1161
3613 1161
3614 1162
3615 1162
3616 1162
3617 1162
3618 1163
3619 1164
3620 1164
3621 1164
3622 1164
3623 1164
3624 1165
3625 1165
3626 1166
3627 1166
3628 1166
3629 1166
3630 1166
3631 1166
3632 1167
3633 1167
3634 1167
3635 1168
3636 1168
3637 1168
3638 1169
3639 1169
3640 1170
3641 1170
3642 1170
3643 1170
3644 1170
3645 1170
3646 1171
3647 1171
3648 1172
3649 1172
3650 1173
3651 1173
3652 1174
3653 1174
3654 1174
3655 1175
3656 1175
3657 1175
3658 1175
3659 1175
3660 1175
3661 1177
3662 1177
3663 1177
3664 1177
3665 1178
3666 1178
3667 1178
3668 1178
3669 1179
3670 1179
3671 1179
3672 1180
3673 1180
3674 1180
3675 1180
3676 1180
3677 1180
3678 1181
3679 1181
3680 1182
3681 1182
3682 1184
3683 1184
3684 1184
3685 1185
3686 1185
3687 1185
3688 1186
3689 1186
3690 1187
3691 1187
3692 1187
3693 1188
3694 1188
3695 1188
3696 1188
3697 1188
3698 1189
3699 1189
3700 1189
3701 1189
3702 1189
3703 1190
3704 1191
3705 1191
3706 1191
3707 1192
3708 1192
3709 1192
3710 1192
3711 1193
3712 1194
3713 1194
3714 1194
3715 1195
3716 1195
3717 1195
3718 1196
3719 1196
3720 1196
3721 1196
3722 1196
3723 1196
3724 1196
3725 1196
3726 1197
3727 1197
3728 1197
3729 1198
3730 1198
3731 1199
3732 1199
3733 1199
3734 1199
3735 1199
3736 1201
3737 1201
3738 1202
3739 1202
3740 1202
3741 1203
3742 1203
3743 1203
3744 1204
3745 1204
3746 1204
3747 1205
3748 1205
3749 1205
3750 1206
3751 1206
3752 1206
3753 1207
3754 1207
3755 1207
3756 1207
3757 1208
3758 1208
3759 1208
3760 1209
3761 1209
3762 1209
3763 1209
3764 1209
3765 1209
3766 1210
3767 1210
3768 1210
3769 1210
3770 1211
3771 1211
3772 1211
3773 1212
3774 1213
3775 1213
3776 1214
3777 1214
3778 1214
3779 1214
3780 1215
3781 1215
3782 1217
3783 1217
3784 1218
3785 1218
3786 1219
3787 1219
3788 1219
3789 1220
3790 1220
3791 1220
3792 1221
3793 1221
3794 1221
3795 1221
3796 1221
3797 1221
3798 1221
3799 1221
3800 1222
3801 1222
3802 1222
3803 1222
3804 1223
3805 1223
3806 1224
3807 1224
3808 1225
3809 1226
3810 1226
3811 1226
3812 1227
3813 1227
3814 1227
3815 1228
3816 1228
3817 1229
3818 1229
3819 1230
3820 1230
3821 1230
3822 1231
3823 1231
3824 1231
3825 1232
3826 1232
3827 1232
3828 1232
3829 1232
3830 1232
3831 1232
3832 1232
3833 1232
3834 1232
3835 1232
3836 1232
3837 1232
3838 1233
3839 1233
3840 1233
3841 1234
3842 1234
3843 1236
3844 1236
3845 1236
3846 1237
3847 1237
3848 1237
3849 1238
3850 1238
3851 1238
3852 1239
3853 1239
3854 1239
3855 1239
3856 1240
3857 1241
3858 1241
3859 1241
3860 1241
3861 1241
3862 1243
3863 1243
3864 1243
3865 1243
3866 1243
3867 1244
3868 1244
3869 1244
3870 1245
3871 1246
3872 1246
3873 1246
3874 1246
3875 1247
3876 1247
3877 1247
3878 1247
3879 1247
3880 1247
3881 1247
3882 1248
3883 1248
3884 1248
3885 1248
3886 1248
3887 1249
3888 1249
3889 1249
3890 1251
3891 1251
3892 1251
3893 1252
3894 1252
3895 1253
3896 1253
3897 1253
3898 1255
3899 1255
3900 1255
3901 1256
3902 1256
3903 1256
3904 1257
3905 1257
3906 1258
3907 1258
3908 1258
3909 1258
3910 1258
3911 1258
3912 1258
3913 1258
3914 1259
3915 1259
3916 1261
3917 1261
3918 1261
3919 1261
3920 1261
3921 1261
3922 1262
3923 1262
3924 1262
3925 1263
3926 1263
3927 1263
3928 1264
3929 1264
3930 1264
3931 1264
3932 1264
3933 1265
3934 1265
3935 1266
3936 1266
3937 1266
3938 1267
3939 1267
3940 1268
3941 1268
3942 1268
3943 1268
3944 1269
3945 1269
3946 1269
3947 1269
3948 1269
3949 1270
3950 1270
3951 1271
3952 1271
3953 1271
3954 1271
3955 1271
3956 1272
3957 1272
3958 1272
3959 1272
3960 1273
3961 1273
3962 1273
3963 1274
3964 1274
3965 1275
3966 1275
3967 1275
3968 1275
3969 1277
3970 1277
3971 1278
3972 1278
3973 1278
3974 1278
3975 1278
3976 1278
3977 1279
3978 1279
3979 1282
3980 1282
3981 1283
3982 1283
3983 1284
3984 1284
3985 1284
3986 1284
3987 1285
3988 1285
3989 1285
3990 1285
3991 1286
3992 1286
3993 1286
3994 1287
3995 1287
3996 1287
3997 1287
3998 1287
3999 1287
4000 1288
4001 1288
4002 1289
4003 1289
4004 1289
4005 1290
4006 1290
4007 1290
4008 1290
4009 1291
4010 1291
4011 1292
4012 1293
4013 1293
4014 1293
4015 1294
4016 1294
4017 1294
4018 1295
4019 1295
4020 1295
4021 1295
4022 1295
4023 1295
4024 1296
4025 1296
4026 1297
4027 1297
4028 1297
4029 1298
4030 1298
4031 1298
4032 1298
4033 1298
4034 1299
4035 1299
4036 1299
4037 1300
4038 1300
4039 1300
4040 1300
4041 1301
4042 1301
4043 1302
4044 1302
4045 1302
4046 1303
4047 1303
4048 1304
4049 1304
4050 1304
4051 1304
4052 1304
4053 1305
4054 1305
4055 1306
4056 1306
4057 1306
4058 1306
4059 1307
4060 1307
4061 1308
4062 1308
4063 1310
4064 1310
4065 1310
4066 1310
4067 1312
4068 1312
4069 1312
4070 1312
4071 1312
4072 1312
4073 1312
4074 1312
4075 1313
4076 1313
4077 1313
4078 1314
4079 1314
4080 1314
4081 1314
4082 1315
4083 1315
4084 1315
4085 1315
4086 1316
4087 1316
4088 1316
4089 1317
4090 1317
4091 1317
4092 1317
4093 1317
4094 1318
4095 1318
4096 1319
4097 1319
4098 1320
4099 1320
4100 1321
4101 1321
4102 1322
4103 1322
4104 1322
4105 1323
4106 1324
4107 1324
4108 1324
4109 1325
4110 1325
4111 1325
4112 1325
4113 1325
4114 1325
4115 1326
4116 1326
4117 1326
4118 1326
4119 1326
4120 1327
4121 1327
4122 1328
4123 1329
4124 1329
4125 1329
4126 1330
4127 1330
4128 1330
4129 1330
4130 1330
4131 1330
4132 1330
4133 1330
4134 1331
4135 1331
4136 1331
4137 1332
4138 1332
4139 1332
4140 1333
4141 1333
4142 1333
4143 1334
4144 1334
4145 1334
4146 1334
4147 1335
4148 1335
4149 1335
4150 1336
4151 1336
4152 1336
4153 1336
4154 1337
4155 1337
4156 1337
4157 1337
4158 1338
4159 1338
4160 1338
4161 1339
4162 1339
4163 1339
4164 1339
4165 1340
4166 1340
4167 1341
4168 1341
4169 1341
4170 1342
4171 1342
4172 1343
4173 1343
4174 1343
4175 1343
4176 1345
4177 1345
4178 1345
4179 1345
4180 1346
4181 1346
4182 1347
4183 1347
4184 1347
4185 1348
4186 1348
4187 1349
4188 1349
4189 1349
4190 1349
4191 1350
4192 1350
4193 1350
4194 1351
4195 1351
4196 1351
4197 1353
4198 1353
4199 1353
4200 1353
4201 1353
4202 1353
4203 1354
4204 1354
4205 1354
4206 1355
4207 1355
4208 1355
4209 1356
4210 1356
4211 1356
4212 1356
4213 1356
4214 1358
4215 1358
4216 1359
4217 1359
4218 1359
4219 1359
4220 1359
4221 1361
4222 1361
4223 1362
4224 1362
4225 1362
4226 1363
4227 1363
4228 1363
4229 1363
4230 1363
4231 1363
4232 1363
4233 1363
4234 1363
4235 1364
4236 1364
4237 1364
4238 1364
4239 1364
4240 1365
4241 1365
4242 1365
4243 1365
4244 1365
4245 1365
4246 1365
4247 1366
4248 1366
4249 1367
4250 1367
4251 1368
4252 1368
4253 1368
4254 1368
4255 1370
4256 1370
4257 1371
4258 1371
4259 1371
4260 1371
4261 1371
4262 1372
4263 1372
4264 1372
4265 1372
4266 1372
4267 1373
4268 1373
4269 1374
4270 1374
4271 1374
4272 1376
4273 1376
4274 1376
4275 1376
4276 1376
4277 1376
4278 1378
4279 1378
4280 1378
4281 1378
4282 1378
4283 1378
4284 1378
4285 1378
4286 1378
4287 1379
4288 1379
4289 1379
4290 1379
4291 1381
4292 1381
4293 1382
4294 1382
4295 1383
4296 1383
4297 1383
4298 1383
4299 1384
4300 1384
4301 1384
4302 1385
4303 1385
4304 1386
4305 1386
4306 1386
4307 1386
4308 1386
4309 1387
4310 1387
4311 1387
4312 1387
4313 1388
4314 1388
4315 1389
4316 1389
4317 1389
4318 1390
4319 1390
4320 1391
4321 1391
4322 1391
4323 1393
4324 1393
4325 1393
4326 1394
4327 1394
4328 1394
4329 1394
4330 1394
4331 1395
4332 1396
4333 1396
4334 1397
4335 1397
4336 1397
4337 1397
4338 1397
4339 1397
4340 1398
4341 1398
4342 1398
4343 1399
4344 1400
4345 1400
4346 1400
4347 1401
4348 1401
4349 1401
4350 1401
4351 1402
4352 1402
4353 1403
4354 1403
4355 1403
4356 1404
4357 1404
4358 1404
4359 1404
4360 1404
4361 1404
4362 1404
4363 1404
4364 1404
4365 1404
4366 1404
4367 1405
4368 1405
4369 1407
4370 1407
4371 1407
4372 1407
4373 1407
4374 1409
4375 1409
4376 1410
4377 1410
4378 1410
4379 1410
4380 1410
4381 1410
4382 1411
4383 1411
4384 1412
4385 1412
4386 1412
4387 1413
4388 1413
4389 1413
4390 1414
4391 1414
4392 1414
4393 1414
4394 1415
4395 1415
4396 1416
4397 1416
4398 1416
4399 1416
4400 1416
4401 1417
4402 1417
4403 1417
4404 1417
4405 1418
4406 1418
4407 1418
4408 1419
4409 1419
4410 1419
4411 1420
4412 1420
4413 1420
4414 1420
4415 1421
4416 1421
4417 1422
4418 1422
4419 1422
4420 1423
4421 1423
4422 1423
4423 1423
4424 1424
4425 1424
4426 1424
4427 1424
4428 1426
4429 1426
4430 1427
4431 1427
4432 1428
4433 1428
4434 1429
4435 1429
4436 1430
4437 1430
4438 1431
4439 1431
4440 1431
4441 1431
4442 1431
4443 1432
4444 1432
4445 1432
4446 1433
4447 1433
4448 1433
4449 1434
4450 1434
4451 1434
4452 1434
4453 1435
4454 1435
4455 1436
4456 1436
4457 1436
4458 1437
4459 1437
4460 1437
4461 1438
4462 1438
4463 1438
4464 1439
4465 1439
4466 1440
4467 1441
4468 1441
4469 1441
4470 1442
4471 1442
4472 1443
4473 1443
4474 1443
4475 1443
4476 1443
4477 1445
4478 1445
4479 1445
4480 1445
4481 1445
4482 1445
4483 1445
4484 1445
4485 1446
4486 1446
4487 1446
4488 1447
4489 1447
4490 1448
4491 1448
4492 1448
4493 1448
4494 1449
4495 1449
4496 1450
4497 1450
4498 1451
4499 1451
4500 1452
4501 1452
4502 1453
4503 1453
4504 1454
4505 1454
4506 1455
4507 1455
4508 1455
4509 1455
4510 1456
4511 1456
4512 1456
4513 1456
4514 1456
4515 1456
4516 1457
4517 1457
4518 1457
4519 1457
4520 1457
4521 1459
4522 1459
4523 1459
4524 1460
4525 1460
4526 1460
4527 1460
4528 1461
4529 1461
4530 1462
4531 1462
4532 1462
4533 1463
4534 1463
4535 1463
4536 1463
4537 1463
4538 1463
4539 1464
4540 1465
4541 1465
4542 1465
4543 1466
4544 1466
4545 1467
4546 1467
4547 1467
4548 1467
4549 1467
4550 1468
4551 1468
4552 1468
4553 1469
4554 1469
4555 1469
4556 1471
4557 1471
4558 1472
4559 1472
4560 1473
4561 1473
4562 1473
4563 1474
4564 1474
4565 1474
4566 1475
4567 1475
4568 1475
4569 1475
4570 1475
4571 1476
4572 1476
4573 1476
4574 1476
4575 1476
4576 1477
4577 1477
4578 1477
4579 1478
4580 1478
4581 1479
4582 1479
4583 1479
4584 1479
4585 1479
4586 1479
4587 1479
4588 1481
4589 1481
4590 1482
4591 1482
4592 1483
4593 1484
4594 1484
4595 1484
4596 1484
4597 1484
4598 1485
4599 1485
4600 1485
4601 1485
4602 1485
4603 1485
4604 1486
4605 1486
4606 1486
4607 1487
4608 1487
4609 1488
4610 1488
4611 1488
4612 1489
4613 1489
4614 1490
4615 1490
4616 1491
4617 1491
4618 1492
4619 1492
4620 1492
4621 1492
4622 1493
4623 1493
4624 1494
4625 1494
4626 1494
4627 1495
4628 1495
4629 1496
4630 1496
4631 1496
4632 1496
4633 1496
4634 1496
4635 1496
4636 1497
4637 1497
4638 1497
4639 1497
4640 1498
4641 1498
4642 1498
4643 1498
4644 1499
4645 1499
4646 1501
4647 1501
4648 1501
4649 1501
4650 1502
4651 1502
4652 1502
4653 1503
4654 1503
4655 1503
4656 1504
4657 1504
4658 1505
4659 1505
4660 1505
4661 1506
4662 1506
4663 1506
4664 1506
4665 1507
4666 1507
4667 1508
4668 1508
4669 1508
4670 1508
4671 1508
4672 1509
4673 1509
4674 1509
4675 1510
4676 1510
4677 1510
4678 1510
4679 1510
4680 1510
4681 1511
4682 1511
4683 1513
4684 1513
4685 1513
4686 1513
4687 1514
4688 1514
4689 1515
4690 1515
4691 1515
4692 1515
4693 1516
4694 1516
4695 1516
4696 1517
4697 1517
4698 1517
4699 1517
4700 1517
4701 1517
4702 1517
4703 1517
4704 1519
4705 1519
4706 1519
4707 1519
4708 1519
4709 1520
4710 1521
4711 1521
4712 1522
4713 1522
4714 1522
4715 1523
4716 1524
4717 1524
4718 1524
4719 1525
4720 1525
4721 1525
4722 1525
4723 1525
4724 1526
4725 1526
4726 1526
4727 1527
4728 1527
4729 1527
4730 1528
4731 1528
4732 1528
4733 1528
4734 1529
4735 1529
4736 1529
4737 1530
4738 1530
4739 1531
4740 1531
4741 1532
4742 1532
4743 1532
4744 1533
4745 1533
4746 1534
4747 1534
4748 1534
4749 1534
4750 1534
4751 1534
4752 1535
4753 1535
4754 1535
4755 1537
4756 1537
4757 1537
4758 1537
4759 1537
4760 1537
4761 1537
4762 1537
4763 1538
4764 1538
4765 1538
4766 1540
4767 1540
4768 1540
4769 1540
4770 1541
4771 1541
4772 1541
4773 1542
4774 1542
4775 1543
4776 1543
4777 1544
4778 1544
4779 1544
4780 1545
4781 1545
4782 1545
4783 1545
4784 1546
4785 1546
4786 1546
4787 1546
4788 1547
4789 1547
4790 1547
4791 1547
4792 1547
4793 1547
4794 1547
4795 1547
4796 1547
4797 1547
4798 1547
4799 1547
4800 1547
4801 1547
4802 1547
4803 1547
4804 1547
4805 1549
4806 1551
4807 1552
4808 1552
4809 1552
4810 1552
4811 1553
4812 1553
4813 1553
4814 1554
4815 1555
4816 1555
4817 1555
4818 1556
4819 1556
4820 1556
4821 1557
4822 1557
4823 1558
4824 1558
4825 1558
4826 1558
4827 1558
4828 1558
4829 1558
4830 1559
4831 1559
4832 1559
4833 1560
4834 1560
4835 1561
4836 1561
4837 1562
4838 1562
4839 1562
4840 1563
4841 1563
4842 1565
4843 1565
4844 1565
4845 1566
4846 1566
4847 1566
4848 1566
4849 1566
4850 1567
4851 1567
4852 1568
4853 1569
4854 1569
4855 1569
4856 1570
4857 1570
4858 1570
4859 1571
4860 1572
4861 1572
4862 1572
4863 1572
4864 1573
4865 1573
4866 1573
4867 1573
4868 1573
4869 1574
4870 1574
4871 1574
4872 1575
4873 1575
4874 1575
4875 1576
4876 1576
4877 1576
4878 1577
4879 1577
4880 1578
4881 1578
4882 1578
4883 1579
4884 1579
4885 1580
4886 1580
4887 1581
4888 1581
4889 1581
4890 1581
4891 1581
4892 1581
4893 1581
4894 1581
4895 1582
4896 1582
4897 1582
4898 1583
4899 1583
4900 1585
4901 1585
4902 1586
4903 1586
4904 1586
4905 1587
4906 1587
4907 1588
4908 1588
4909 1588
4910 1588
4911 1589
4912 1589
4913 1590
4914 1590
4915 1590
4916 1590
4917 1590
4918 1590
4919 1590
4920 1591
4921 1591
4922 1591
4923 1591
4924 1591
4925 1592
4926 1592
4927 1593
4928 1593
4929 1593
4930 1594
4931 1594
4932 1594
4933 1594
4934 1594
4935 1595
4936 1595
4937 1595
4938 1595
4939 1595
4940 1595
4941 1595
4942 1597
4943 1597
4944 1597
4945 1598
4946 1598
4947 1598
4948 1598
4949 1598
4950 1598
4951 1598
4952 1598
4953 1599
4954 1599
4955 1599
4956 1599
4957 1599
4958 1599
4959 1599
4960 1601
4961 1601
4962 1602
4963 1602
4964 1602
4965 1603
4966 1603
4967 1603
4968 1603
4969 1603
4970 1604
4971 1604
4972 1605
4973 1605
4974 1605
4975 1605
4976 1606
4977 1606
4978 1606
4979 1607
4980 1607
4981 1608
4982 1608
4983 1608
4984 1608
4985 1608
4986 1609
4987 1609
4988 1611
4989 1611
4990 1611
4991 1612
4992 1612
4993 1612
4994 1612
4995 1612
4996 1612
4997 1613
4998 1613
4999 1613
5000 1614
5001 1614
5002 1616
5003 1616
5004 1616
5005 1616
5006 1617
5007 1618
5008 1618
5009 1618
5010 1619
5011 1619
5012 1619
5013 1621
5014 1621
5015 1622
5016 1622
5017 1623
5018 1623
5019 1623
5020 1624
5021 1624
5022 1624
5023 1624
5024 1624
5025 1626
5026 1626
5027 1627
5028 1627
5029 1628
5030 1628
5031 1628
5032 1628
5033 1628
5034 1628
5035 1629
5036 1629
5037 1629
5038 1630
5039 1630
5040 1630
5041 1631
5042 1631
5043 1631
5044 1632
5045 1632
5046 1632
5047 1632
5048 1632
5049 1633
5050 1633
5051 1633
5052 1633
5053 1634
5054 1634
5055 1634
5056 1635
5057 1635
5058 1636
5059 1636
5060 1636
5061 1637
5062 1637
5063 1637
5064 1638
5065 1638
5066 1639
5067 1639
5068 1639
5069 1641
5070 1641
5071 1641
5072 1642
5073 1642
5074 1643
5075 1643
5076 1643
5077 1643
5078 1643
5079 1643
5080 1643
5081 1643
5082 1644
5083 1644
5084 1645
5085 1645
5086 1645
5087 1645
5088 1645
5089 1645
5090 1646
5091 1646
5092 1647
5093 1648
5094 1648
5095 1648
5096 1648
5097 1649
5098 1649
5099 1649
5100 1650
5101 1650
5102 1650
5103 1650
5104 1650
5105 1650
5106 1650
5107 1650
5108 1650
5109 1650
5110 1650
5111 1651
5112 1651
5113 1651
5114 1651
5115 1652
5116 1652
5117 1652
5118 1652
5119 1652
5120 1653
5121 1653
5122 1653
5123 1654
5124 1654
5125 1655
5126 1655
5127 1655
5128 1657
5129 1657
5130 1658
5131 1658
5132 1659
5133 1659
5134 1659
5135 1660
5136 1660
5137 1660
5138 1661
5139 1661
5140 1661
5141 1662
5142 1662
5143 1662
5144 1663
5145 1663
5146 1665
5147 1665
5148 1665
5149 1665
5150 1665
5151 1665
5152 1665
5153 1665
5154 1667
5155 1667
5156 1667
5157 1668
5158 1668
5159 1668
5160 1669
5161 1669
5162 1670
5163 1670
5164 1670
5165 1671
5166 1671
5167 1671
5168 1672
5169 1672
5170 1673
5171 1673
5172 1673
5173 1673
5174 1674
5175 1675
5176 1675
5177 1675
5178 1676
5179 1676
5180 1676
5181 1677
5182 1677
5183 1677
5184 1677
5185 1678
5186 1678
5187 1678
5188 1679
5189 1679
5190 1679
5191 1679
5192 1679
5193 1679
5194 1680
5195 1680
5196 1680
5197 1680
5198 1681
5199 1681
5200 1682
5201 1682
5202 1683
5203 1683
5204 1684
5205 1684
5206 1685
5207 1685
5208 1685
5209 1685
5210 1686
5211 1686
5212 1686
5213 1687
5214 1687
5215 1687
5216 1688
5217 1688
5218 1688
5219 1689
5220 1689
5221 1690
5222 1690
5223 1691
5224 1691
5225 1691
5226 1692
5227 1692
5228 1692
5229 1692
5230 1692
5231 1692
5232 1692
5233 1692
5234 1692
5235 1693
5236 1694
5237 1694
5238 1694
5239 1695
5240 1695
5241 1695
5242 1696
5243 1696
5244 1697
5245 1697
5246 1698
5247 1698
5248 1698
5249 1699
5250 1699
5251 1700
5252 1700
5253 1700
5254 1701
5255 1701
5256 1702
5257 1702
5258 1703
5259 1703
5260 1703
5261 1703
5262 1704
5263 1704
5264 1704
5265 1704
5266 1704
5267 1704
5268 1706
5269 1706
5270 1707
5271 1707
5272 1707
5273 1707
5274 1709
5275 1710
5276 1710
5277 1710
5278 1710
5279 1710
5280 1710
5281 1710
5282 1711
5283 1711
5284 1711
5285 1712
5286 1712
5287 1712
5288 1713
5289 1713
5290 1714
5291 1714
5292 1715
5293 1715
5294 1715
5295 1715
5296 1715
5297 1715
5298 1715
5299 1717
5300 1717
5301 1717
5302 1718
5303 1718
5304 1718
5305 1718
5306 1719
5307 1719
5308 1719
5309 1719
5310 1720
5311 1720
5312 1720
5313 1721
5314 1721
5315 1721
5316 1723
5317 1723
5318 1724
5319 1724
5320 1724
5321 1725
5322 1725
5323 1725
5324 1725
5325 1725
5326 1726
5327 1726
5328 1726
5329 1727
5330 1727
5331 1727
5332 1728
5333 1728
5334 1728
5335 1729
5336 1729
5337 1729
5338 1730
5339 1730
5340 1731
5341 1731
5342 1731
5343 1732
5344 1732
5345 1732
5346 1733
5347 1733
5348 1733
5349 1734
5350 1734
5351 1734
5352 1734
5353 1735
5354 1735
5355 1735
5356 1736
5357 1736
5358 1736
5359 1736
5360 1737
5361 1737
5362 1737
5363 1738
5364 1739
5365 1739
5366 1739
5367 1739
5368 1739
5369 1740
5370 1740
5371 1741
5372 1741
5373 1742
5374 1742
5375 1742
5376 1743
5377 1743
5378 1743
5379 1744
5380 1744
5381 1744
5382 1745
5383 1745
5384 1746
5385 1746
5386 1746
5387 1746
5388 1746
5389 1747
5390 1747
5391 1748
5392 1748
5393 1748
5394 1748
5395 1750
5396 1750
5397 1750
5398 1750
5399 1750
5400 1750
5401 1751
5402 1751
5403 1751
5404 1753
5405 1753
5406 1754
5407 1754
5408 1754
5409 1754
5410 1755
5411 1755
5412 1755
5413 1755
5414 1755
5415 1755
5416 1755
5417 1755
5418 1755
5419 1755
5420 1755
5421 1755
5422 1755
5423 1756
5424 1756
5425 1756
5426 1757
5427 1757
5428 1757
5429 1758
5430 1758
5431 1758
5432 1759
5433 1759
5434 1760
5435 1760
5436 1761
5437 1761
5438 1761
5439 1761
5440 1762
5441 1762
5442 1762
5443 1762
5444 1763
5445 1763
5446 1763
5447 1763
5448 1763
5449 1763
5450 1764
5451 1764
5452 1765
5453 1765
5454 1766
5455 1766
5456 1766
5457 1767
5458 1767
5459 1767
5460 1767
5461 1767
5462 1769
5463 1770
5464 1770
5465 1770
5466 1770
5467 1770
5468 1770
5469 1772
5470 1772
5471 1772
5472 1773
5473 1773
5474 1773
5475 1774
5476 1774
5477 1774
5478 1775
5479 1775
5480 1775
5481 1775
5482 1775
5483 1775
5484 1776
5485 1776
5486 1776
5487 1777
5488 1777
5489 1778
5490 1778
5491 1779
5492 1779
5493 1779
5494 1780
5495 1780
5496 1780
5497 1780
5498 1781
5499 1781
5500 1781
5501 1781
5502 1782
5503 1782
5504 1782
5505 1782
5506 1782
5507 1782
5508 1783
5509 1783
5510 1784
5511 1784
5512 1785
5513 1785
5514 1786
5515 1787
5516 1787
5517 1788
5518 1788
5519 1788
5520 1789
5521 1789
5522 1789
5523 1790
5524 1790
5525 1790
5526 1791
5527 1791
5528 1791
5529 1791
5530 1792
5531 1792
5532 1792
5533 1792
5534 1792
5535 1792
5536 1792
5537 1793
5538 1793
5539 1794
5540 1794
5541 1795
5542 1795
5543 1795
5544 1796
5545 1796
5546 1796
5547 1797
5548 1797
5549 1798
5550 1798
5551 1798
5552 1798
5553 1799
5554 1799
5555 1799
5556 1800
5557 1800
5558 1801
5559 1801
5560 1802
5561 1802
5562 1802
5563 1802
5564 1802
5565 1802
5566 1803
5567 1803
5568 1804
5569 1804
5570 1804
5571 1804
5572 1804
5573 1804
5574 1805
5575 1805
5576 1805
5577 1807
5578 1807
5579 1807
5580 1807
5581 1807
5582 1808
5583 1808
5584 1809
5585 1809
5586 1809
5587 1810
5588 1810
5589 1811
5590 1811
5591 1811
5592 1812
5593 1812
5594 1813
5595 1813
5596 1813
5597 1813
5598 1813
5599 1814
5600 1814
5601 1815
5602 1815
5603 1815
5604 1816
5605 1816
5606 1816
5607 1817
5608 1817
5609 1817
5610 1817
5611 1817
5612 1818
5613 1818
5614 1819
5615 1819
5616 1819
5617 1821
5618 1821
5619 1821
5620 1822
5621 1822
5622 1823
5623 1823
5624 1823
5625 1824
5626 1824
5627 1824
5628 1824
5629 1825
5630 1825
5631 1826
5632 1826
5633 1826
5634 1826
5635 1827
5636 1827
5637 1828
5638 1828
5639 1828
5640 1828
5641 1828
5642 1829
5643 1829
5644 1829
5645 1829
5646 1829
5647 1829
5648 1829
5649 1830
5650 1831
5651 1831
5652 1831
5653 1831
5654 1832
5655 1832
5656 1833
5657 1833
5658 1833
5659 1833
5660 1833
5661 1833
5662 1834
5663 1834
5664 1834
5665 1835
5666 1835
5667 1835
5668 1836
5669 1836
5670 1836
5671 1836
5672 1836
5673 1837
5674 1837
5675 1837
5676 1838
5677 1838
5678 1839
5679 1839
5680 1839
5681 1841
5682 1841
5683 1841
5684 1842
5685 1842
5686 1842
5687 1843
5688 1843
5689 1843
5690 1843
5691 1844
5692 1844
5693 1844
5694 1844
5695 1845
5696 1845
5697 1845
5698 1845
5699 1845
5700 1845
5701 1845
5702 1846
5703 1847
5704 1847
5705 1848
5706 1849
5707 1849
5708 1849
5709 1850
5710 1850
5711 1850
5712 1851
5713 1851
5714 1851
5715 1852
5716 1852
5717 1852
5718 1852
5719 1853
5720 1853
5721 1854
5722 1854
5723 1854
5724 1854
5725 1855
5726 1855
5727 1855
5728 1856
5729 1856
5730 1856
5731 1856
5732 1856
5733 1856
5734 1857
5735 1857
5736 1857
5737 1857
5738 1858
5739 1858
5740 1860
5741 1860
5742 1860
5743 1860
5744 1861
5745 1861
5746 1862
5747 1862
5748 1862
5749 1862
5750 1862
5751 1862
5752 1862
5753 1862
5754 1862
5755 1862
5756 1864
5757 1864
5758 1864
5759 1864
5760 1865
5761 1865
5762 1865
5763 1866
5764 1866
5765 1867
5766 1867
5767 1868
5768 1868
5769 1869
5770 1869
5771 1869
5772 1871
5773 1871
5774 1871
5775 1873
5776 1874
5777 1874
5778 1874
5779 1874
5780 1875
5781 1876
5782 1876
5783 1876
5784 1876
5785 1876
5786 1876
5787 1877
5788 1877
5789 1877
5790 1878
5791 1878
5792 1878
5793 1879
5794 1879
5795 1880
5796 1880
5797 1880
5798 1880
5799 1880
5800 1880
5801 1880
5802 1880
5803 1880
5804 1881
5805 1882
5806 1882
5807 1882
5808 1883
5809 1883
5810 1884
5811 1884
5812 1884
5813 1884
5814 1885
5815 1885
5816 1885
5817 1886
5818 1886
5819 1888
5820 1888
5821 1888
5822 1888
5823 1889
5824 1889
5825 1890
5826 1890
5827 1890
5828 1890
5829 1890
5830 1890
5831 1891
5832 1891
5833 1891
5834 1891
5835 1892
5836 1893
5837 1893
5838 1894
5839 1894
5840 1894
5841 1894
5842 1895
5843 1895
5844 1895
5845 1896
5846 1896
5847 1896
5848 1897
5849 1897
5850 1897
5851 1897
5852 1898
5853 1898
5854 1898
5855 1899
5856 1899
5857 1899
5858 1899
5859 1900
5860 1900
5861 1900
5862 1900
5863 1900
5864 1900
5865 1901
5866 1901
5867 1901
5868 1902
5869 1902
5870 1902
5871 1903
5872 1903
5873 1903
5874 1904
5875 1904
5876 1905
5877 1905
5878 1906
5879 1906
5880 1906
5881 1906
5882 1907
5883 1907
5884 1908
5885 1908
5886 1908
5887 1909
5888 1909
5889 1909
5890 1909
5891 1910
5892 1910
5893 1910
5894 1911
5895 1911
5896 1911
5897 1911
5898 1911
5899 1911
5900 1911
5901 1911
5902 1911
5903 1911
5904 1911
5905 1911
5906 1912
5907 1912
5908 1912
5909 1913
5910 1913
5911 1914
5912 1914
5913 1915
5914 1915
5915 1915
5916 1916
5917 1916
5918 1917
5919 1917
5920 1918
5921 1918
5922 1918
5923 1918
5924 1918
5925 1919
5926 1919
5927 1919
5928 1919
5929 1919
5930 1921
5931 1921
5932 1921
5933 1922
5934 1922
5935 1923
5936 1923
5937 1924
5938 1924
5939 1924
5940 1924
5941 1924
5942 1924
5943 1926
5944 1926
5945 1926
5946 1927
5947 1927
5948 1927
5949 1927
5950 1927
5951 1928
5952 1928
5953 1928
5954 1928
5955 1928
5956 1929
5957 1929
5958 1930
5959 1930
5960 1930
5961 1931
5962 1931
5963 1932
5964 1933
5965 1933
5966 1933
5967 1934
5968 1934
5969 1936
5970 1936
5971 1936
5972 1936
5973 1936
5974 1936
5975 1937
5976 1937
5977 1937
5978 1938
5979 1938
5980 1938
5981 1938
5982 1939
5983 1939
5984 1939
5985 1940
5986 1940
5987 1940
5988 1941
5989 1941
5990 1941
5991 1942
5992 1942
5993 1943
5994 1943
5995 1943
5996 1945
5997 1945
5998 1945
5999 1945
6000 1946
6001 1946
6002 1946
6003 1947
6004 1947
6005 1947
6006 1947
6007 1947
6008 1947
6009 1947
6010 1948
6011 1948
6012 1948
6013 1949
6014 1949
6015 1950
6016 1950
6017 1950
6018 1950
6019 1950
6020 1950
6021 1951
6022 1951
6023 1953
6024 1954
6025 1954
6026 1954
6027 1955
6028 1955
6029 1955
6030 1956
6031 1956
6032 1956
6033 1957
6034 1957
6035 1957
6036 1958
6037 1958
6038 1958
6039 1958
6040 1959
6041 1959
6042 1959
6043 1959
6044 1960
6045 1960
6046 1960
6047 1960
6048 1961
6049 1961
6050 1961
6051 1961
6052 1961
6053 1961
6054 1962
6055 1962
6056 1962
6057 1963
6058 1963
6059 1963
6060 1964
6061 1964
6062 1965
6063 1965
6064 1965
6065 1966
6066 1966
6067 1966
6068 1967
6069 1967
6070 1967
6071 1969
6072 1969
6073 1969
6074 1969
6075 1969
6076 1970
6077 1970
6078 1971
6079 1971
6080 1971
6081 1971
6082 1972
6083 1972
6084 1972
6085 1973
6086 1973
6087 1974
6088 1974
6089 1974
6090 1974
6091 1974
6092 1975
6093 1975
6094 1975
6095 1975
6096 1977
6097 1977
6098 1978
6099 1979
6100 1979
6101 1979
6102 1980
6103 1980
6104 1980
6105 1980
6106 1980
6107 1981
6108 1981
6109 1982
6110 1982
6111 1983
6112 1983
6113 1983
6114 1983
6115 1984
6116 1984
6117 1984
6118 1985
6119 1985
6120 1985
6121 1985
6122 1986
6123 1986
6124 1986
6125 1987
6126 1987
6127 1988
6128 1988
6129 1988
6130 1989
6131 1989
6132 1989
6133 1989
6134 1989
6135 1989
6136 1989
6137 1989
6138 1990
6139 1990
6140 1990
6141 1991
6142 1991
6143 1991
6144 1992
6145 1992
6146 1992
6147 1992
6148 1993
6149 1993
6150 1994
6151 1994
6152 1994
6153 1994
6154 1996
6155 1996
6156 1997
6157 1997
6158 1997
6159 1998
6160 1998
6161 1998
6162 1998
6163 1998
6164 1999
6165 1999
6166 2001
6167 2001
6168 2001
6169 2001
6170 2003
6171 2003
6172 2004
6173 2004
6174 2004
6175 2004
6176 2005
6177 2005
6178 2005
6179 2006
6180 2006
6181 2006
6182 2006
6183 2006
6184 2006
6185 2007
6186 2007
6187 2007
6188 2008
6189 2008
6190 2008
6191 2010
6192 2010
6193 2011
6194 2011
6195 2012
6196 2012
6197 2012
6198 2012
6199 2012
6200 2013
6201 2013
6202 2013
6203 2013
6204 2013
6205 2014
6206 2014
6207 2015
6208 2016
6209 2016
6210 2016
6211 2016
6212 2016
6213 2016
6214 2017
6215 2017
6216 2018
6217 2018
6218 2018
6219 2018
6220 2019
6221 2019
6222 2019
6223 2020
6224 2020
6225 2021
6226 2021
6227 2021
6228 2021
6229 2021
6230 2021
6231 2021
6232 2022
6233 2022
6234 2023
6235 2023
6236 2023
6237 2023
6238 2024
6239 2024
6240 2024
6241 2026
6242 2026
6243 2027
6244 2027
6245 2027
6246 2028
6247 2028
6248 2028
6249 2028
6250 2029
6251 2029
6252 2030
6253 2030
6254 2031
6255 2031
6256 2032
6257 2032
6258 2032
6259 2032
6260 2033
6261 2033
6262 2033
6263 2033
6264 2034
6265 2034
6266 2034
6267 2035
6268 2035
6269 2035
6270 2035
6271 2035
6272 2035
6273 2035
6274 2035
6275 2035
6276 2036
6277 2036
6278 2036
6279 2037
6280 2037
6281 2037
6282 2038
6283 2038
6284 2038
6285 2039
6286 2039
6287 2039
6288 2040
6289 2040
6290 2041
6291 2041
6292 2041
6293 2042
6294 2042
6295 2042
6296 2043
6297 2043
6298 2044
6299 2044
6300 2044
6301 2044
6302 2045
6303 2045
6304 2046
6305 2046
6306 2047
6307 2047
6308 2047
6309 2047
6310 2049
6311 2049
6312 2049
6313 2050
6314 2050
6315 2050
6316 2050
6317 2050
6318 2050
6319 2050
6320 2050
6321 2050
6322 2051
6323 2051
6324 2051
6325 2052
6326 2053
6327 2053
6328 2054
6329 2054
6330 2054
6331 2054
6332 2054
6333 2055
6334 2055
6335 2055
6336 2055
6337 2055
6338 2055
6339 2056
6340 2056
6341 2058
6342 2058
6343 2058
6344 2059
6345 2059
6346 2059
6347 2060
6348 2060
6349 2061
6350 2061
6351 2061
6352 2062
6353 2062
6354 2062
6355 2063
6356 2063
6357 2065
6358 2065
6359 2065
6360 2065
6361 2065
6362 2065
6363 2065
6364 2066
6365 2066
6366 2067
6367 2067
6368 2067
6369 2067
6370 2067
6371 2067
6372 2067
6373 2067
6374 2068
6375 2069
6376 2069
6377 2069
6378 2071
6379 2071
6380 2071
6381 2071
6382 2072
6383 2072
6384 2073
6385 2073
6386 2074
6387 2074
6388 2074
6389 2074
6390 2074
6391 2074
6392 2074
6393 2075
6394 2075
6395 2076
6396 2076
6397 2076
6398 2077
6399 2077
6400 2077
6401 2077
6402 2078
6403 2078
6404 2078
6405 2079
6406 2079
6407 2079
6408 2079
6409 2079
6410 2079
6411 2079
6412 2081
6413 2081
6414 2082
6415 2082
6416 2082
6417 2083
6418 2083
6419 2084
6420 2084
6421 2084
6422 2085
6423 2085
6424 2085
6425 2085
6426 2086
6427 2086
6428 2086
6429 2087
6430 2087
6431 2089
6432 2089
6433 2090
6434 2090
6435 2090
6436 2090
6437 2090
6438 2090
6439 2090
6440 2090
6441 2090
6442 2091
6443 2091
6444 2091
6445 2091
6446 2091
6447 2092
6448 2092
6449 2092
6450 2092
6451 2092
6452 2093
6453 2093
6454 2093
6455 2093
6456 2094
6457 2094
6458 2094
6459 2095
6460 2095
6461 2096
6462 2096
6463 2097
6464 2097
6465 2097
6466 2098
6467 2098
6468 2099
6469 2099
6470 2099
6471 2101
6472 2101
6473 2101
6474 2101
6475 2102
6476 2102
6477 2102
6478 2103
6479 2103
6480 2104
6481 2104
6482 2104
6483 2104
6484 2105
6485 2105
6486 2105
6487 2106
6488 2106
6489 2107
6490 2107
6491 2107
6492 2107
6493 2107
6494 2107
6495 2107
6496 2108
6497 2109
6498 2110
6499 2110
6500 2110
6501 2111
6502 2111
6503 2113
6504 2113
6505 2114
6506 2114
6507 2114
6508 2114
6509 2115
6510 2115
6511 2115
6512 2115
6513 2117
6514 2117
6515 2117
6516 2118
6517 2118
6518 2118
6519 2119
6520 2119
6521 2119
6522 2119
6523 2120
6524 2120
6525 2120
6526 2121
6527 2121
6528 2122
6529 2122
6530 2122
6531 2122
6532 2123
6533 2123
6534 2124
6535 2124
6536 2124
6537 2124
6538 2124
6539 2124
6540 2124
6541 2124
6542 2124
6543 2126
6544 2126
6545 2127
6546 2127
6547 2127
6548 2127
6549 2128
6550 2128
6551 2128
6552 2128
6553 2128
6554 2129
6555 2129
6556 2130
6557 2130
6558 2130
6559 2131
6560 2131
6561 2132
6562 2132
6563 2132
6564 2133
6565 2133
6566 2134
6567 2134
6568 2134
6569 2134
6570 2135
6571 2135
6572 2135
6573 2136
6574 2136
6575 2136
6576 2137
6577 2137
6578 2137
6579 2138
6580 2138
6581 2138
6582 2139
6583 2139
6584 2139
6585 2139
6586 2140
6587 2140
6588 2140
6589 2141
6590 2141
6591 2142
6592 2142
6593 2142
6594 2142
6595 2143
6596 2143
6597 2144
6598 2144
6599 2144
6600 2144
6601 2144
6602 2145
6603 2145
6604 2146
6605 2146
6606 2146
6607 2146
6608 2146
6609 2147
6610 2147
6611 2147
6612 2148
6613 2148
6614 2148
6615 2149
6616 2149
6617 2151
6618 2151
6619 2151
6620 2151
6621 2152
6622 2152
6623 2152
6624 2153
6625 2153
6626 2154
6627 2154
6628 2154
6629 2155
6630 2155
6631 2155
6632 2156
6633 2156
6634 2156
6635 2156
6636 2157
6637 2157
6638 2157
6639 2158
6640 2158
6641 2158
6642 2158
6643 2159
6644 2159
6645 2159
6646 2161
6647 2161
6648 2162
6649 2162
6650 2163
6651 2163
6652 2163
6653 2163
6654 2163
6655 2164
6656 2164
6657 2165
6658 2165
6659 2165
6660 2165
6661 2165
6662 2165
6663 2166
6664 2167
6665 2167
6666 2167
6667 2168
6668 2168
6669 2168
6670 2169
6671 2169
6672 2169
6673 2169
6674 2170
6675 2170
6676 2170
6677 2170
6678 2170
6679 2170
6680 2170
6681 2171
6682 2171
6683 2172
6684 2172
6685 2172
6686 2173
6687 2173
6688 2173
6689 2173
6690 2173
6691 2173
6692 2173
6693 2173
6694 2174
6695 2174
6696 2175
6697 2175
6698 2175
6699 2176
6700 2176
6701 2176
6702 2176
6703 2176
6704 2177
6705 2177
6706 2177
6707 2179
6708 2179
6709 2179
6710 2180
6711 2180
6712 2180
6713 2181
6714 2181
6715 2182
6716 2182
6717 2183
6718 2183
6719 2183
6720 2183
6721 2183
6722 2183
6723 2183
6724 2184
6725 2184
6726 2184
6727 2184
6728 2184
6729 2186
6730 2186
6731 2188
6732 2188
6733 2188
6734 2188
6735 2189
6736 2189
6737 2189
6738 2189
6739 2191
6740 2191
6741 2192
6742 2192
6743 2192
6744 2192
6745 2193
6746 2193
6747 2193
6748 2193
6749 2194
6750 2194
6751 2195
6752 2195
6753 2195
6754 2198
6755 2198
6756 2198
6757 2198
6758 2199
6759 2199
6760 2200
6761 2200
6762 2200
6763 2200
6764 2200
6765 2200
6766 2200
6767 2200
6768 2200
6769 2200
6770 2201
6771 2201
6772 2202
6773 2202
6774 2202
6775 2203
6776 2203
6777 2204
6778 2204
6779 2204
6780 2204
6781 2204
6782 2204
6783 2204
6784 2205
6785 2206
6786 2206
6787 2207
6788 2207
6789 2207
6790 2208
6791 2208
6792 2208
6793 2208
6794 2208
6795 2208
6796 2208
6797 2208
6798 2209
6799 2209
6800 2210
6801 2210
6802 2210
6803 2210
6804 2210
6805 2212
6806 2212
6807 2213
6808 2213
6809 2214
6810 2215
6811 2215
6812 2216
6813 2216
6814 2216
6815 2217
6816 2217
6817 2218
6818 2218
6819 2218
6820 2219
6821 2219
6822 2220
6823 2220
6824 2220
6825 2220
6826 2220
6827 2220
6828 2221
6829 2221
6830 2221
6831 2222
6832 2222
6833 2222
6834 2223
6835 2223
6836 2223
6837 2223
6838 2223
6839 2223
6840 2223
6841 2223
6842 2223
6843 2223
6844 2223
6845 2223
6846 2224
6847 2224
6848 2224
6849 2225
6850 2225
6851 2226
6852 2226
6853 2226
6854 2226
6855 2226
6856 2227
6857 2227
6858 2227
6859 2228
6860 2228
6861 2228
6862 2229
6863 2229
6864 2229
6865 2230
6866 2230
6867 2230
6868 2231
6869 2231
6870 2231
6871 2231
6872 2231
6873 2232
6874 2232
6875 2234
6876 2234
6877 2234
6878 2235
6879 2235
6880 2236
6881 2236
6882 2237
6883 2237
6884 2237
6885 2238
6886 2238
6887 2238
6888 2239
6889 2239
6890 2240
6891 2241
6892 2241
6893 2241
6894 2242
6895 2242
6896 2243
6897 2243
6898 2244
6899 2244
6900 2244
6901 2244
6902 2245
6903 2245
6904 2246
6905 2246
6906 2246
6907 2246
6908 2247
6909 2247
6910 2248
6911 2248
6912 2248
6913 2248
6914 2249
6915 2249
6916 2250
6917 2250
6918 2250
6919 2250
6920 2250
6921 2250
6922 2250
6923 2250
6924 2250
6925 2250
6926 2251
6927 2251
6928 2252
6929 2252
6930 2252
6931 2253
6932 2253
6933 2254
6934 2255
6935 2255
6936 2255
6937 2255
6938 2255
6939 2256
6940 2256
6941 2256
6942 2256
6943 2256
6944 2257
6945 2257
6946 2257
6947 2257
6948 2257
6949 2257
6950 2257
6951 2258
6952 2258
6953 2259
6954 2259
6955 2260
6956 2260
6957 2260
6958 2260
6959 2260
6960 2263
6961 2263
6962 2264
6963 2264
6964 2264
6965 2265
6966 2265
6967 2265
6968 2265
6969 2266
6970 2266
6971 2266
6972 2266
6973 2267
6974 2267
6975 2268
6976 2268
6977 2268
6978 2269
6979 2269
6980 2270
6981 2270
6982 2270
6983 2270
6984 2271
6985 2271
6986 2271
6987 2272
6988 2272
6989 2273
6990 2273
6991 2273
6992 2274
6993 2274
6994 2275
6995 2275
6996 2275
6997 2275
6998 2275
6999 2275
7000 2275
7001 2275
7002 2275
7003 2275
7004 2276
7005 2276
7006 2279
7007 2279
7008 2279
7009 2279
7010 2279
7011 2279
7012 2279
7013 2279
7014 2280
7015 2280
7016 2280
7017 2280
7018 2281
7019 2281
7020 2281
7021 2282
7022 2282
7023 2282
7024 2283
7025 2283
7026 2283
7027 2283
7028 2284
7029 2284
7030 2285
7031 2285
7032 2285
7033 2286
7034 2286
7035 2287
7036 2287
7037 2288
7038 2289
7039 2289
7040 2289
7041 2289
7042 2289
7043 2289
7044 2290
7045 2290
7046 2290
7047 2291
7048 2291
7049 2291
7050 2292
7051 2292
7052 2293
7053 2293
7054 2293
7055 2294
7056 2294
7057 2294
7058 2294
7059 2294
7060 2294
7061 2295
7062 2296
7063 2297
7064 2297
7065 2298
7066 2298
7067 2298
7068 2299
7069 2299
7070 2299
7071 2299
7072 2299
7073 2300
7074 2301
7075 2301
7076 2301
7077 2301
7078 2301
7079 2301
7080 2301
7081 2302
7082 2302
7083 2302
7084 2303
7085 2304
7086 2304
7087 2305
7088 2305
7089 2305
7090 2306
7091 2306
7092 2307
7093 2307
7094 2307
7095 2308
7096 2308
7097 2308
7098 2309
7099 2309
7100 2310
7101 2310
7102 2310
7103 2310
7104 2310
7105 2311
7106 2311
7107 2312
7108 2312
7109 2312
7110 2312
7111 2313
7112 2313
7113 2314
7114 2314
7115 2314
7116 2314
7117 2315
7118 2315
7119 2315
7120 2316
7121 2316
7122 2316
7123 2317
7124 2317
7125 2317
7126 2318
7127 2318
7128 2318
7129 2318
7130 2318
7131 2318
7132 2319
7133 2319
7134 2319
7135 2320
7136 2320
7137 2320
7138 2320
7139 2320
7140 2321
7141 2321
7142 2321
7143 2321
7144 2323
7145 2323
7146 2324
7147 2324
7148 2324
7149 2326
7150 2326
7151 2326
7152 2327
7153 2327
7154 2328
7155 2328
7156 2328
7157 2329
7158 2329
7159 2329
7160 2329
7161 2329
7162 2330
7163 2330
7164 2330
7165 2331
7166 2331
7167 2331
7168 2332
7169 2332
7170 2332
7171 2332
7172 2333
7173 2333
7174 2334
7175 2334
7176 2335
7177 2335
7178 2335
7179 2335
7180 2336
7181 2336
7182 2337
7183 2337
7184 2337
7185 2337
7186 2338
7187 2338
7188 2338
7189 2338
7190 2339
7191 2339
7192 2340
7193 2340
7194 2341
7195 2341
7196 2342
7197 2342
7198 2343
7199 2343
7200 2343
7201 2344
7202 2344
7203 2345
7204 2345
7205 2345
7206 2345
7207 2345
7208 2346
7209 2346
7210 2346
7211 2346
7212 2346
7213 2346
7214 2346
7215 2346
7216 2346
7217 2346
7218 2346
7219 2346
7220 2347
7221 2347
7222 2348
7223 2348
7224 2348
7225 2351
7226 2351
7227 2352
7228 2352
7229 2352
7230 2353
7231 2353
7232 2353
7233 2354
7234 2354
7235 2355
7236 2355
7237 2355
7238 2355
7239 2356
7240 2356
7241 2356
7242 2356
7243 2356
7244 2356
7245 2357
7246 2357
7247 2357
7248 2358
7249 2358
7250 2358
7251 2359
7252 2359
7253 2359
7254 2359
7255 2360
7256 2360
7257 2360
7258 2360
7259 2360
7260 2361
7261 2361
7262 2361
7263 2362
7264 2362
7265 2363
7266 2363
7267 2364
7268 2364
7269 2364
7270 2366
7271 2366
7272 2366
7273 2367
7274 2367
7275 2367
7276 2368
7277 2368
7278 2368
7279 2368
7280 2369
7281 2369
7282 2369
7283 2369
7284 2370
7285 2370
7286 2370
7287 2371
7288 2371
7289 2372
7290 2372
7291 2373
7292 2373
7293 2373
7294 2373
7295 2374
7296 2374
7297 2374
7298 2375
7299 2375
7300 2375
7301 2377
7302 2377
7303 2378
7304 2378
7305 2378
7306 2379
7307 2379
7308 2379
7309 2379
7310 2379
7311 2379
7312 2380
7313 2381
7314 2381
7315 2382
7316 2382
7317 2382
7318 2383
7319 2383
7320 2384
7321 2384
7322 2384
7323 2385
7324 2385
7325 2385
7326 2385
7327 2385
7328 2385
7329 2386
7330 2386
7331 2386
7332 2387
7333 2387
7334 2388
7335 2388
7336 2388
7337 2389
7338 2389
7339 2390
7340 2390
7341 2391
7342 2391
7343 2391
7344 2393
7345 2393
7346 2393
7347 2394
7348 2394
7349 2394
7350 2394
7351 2394
7352 2394
7353 2394
7354 2394
7355 2395
7356 2395
7357 2395
7358 2396
7359 2396
7360 2397
7361 2397
7362 2397
7363 2397
7364 2397
7365 2397
7366 2397
7367 2398
7368 2398
7369 2398
7370 2398
7371 2399
7372 2399
7373 2400
7374 2401
7375 2401
7376 2401
7377 2402
7378 2402
7379 2402
7380 2403
7381 2403
7382 2403
7383 2404
7384 2404
7385 2405
7386 2405
7387 2406
7388 2406
7389 2406
7390 2407
7391 2407
7392 2407
7393 2407
7394 2407
7395 2408
7396 2408
7397 2409
7398 2410
7399 2410
7400 2410
7401 2411
7402 2411
7403 2411
7404 2412
7405 2413
7406 2413
7407 2414
7408 2414
7409 2414
7410 2414
7411 2414
7412 2415
7413 2415
7414 2416
7415 2416
7416 2417
7417 2417
7418 2417
7419 2418
7420 2418
7421 2418
7422 2419
7423 2419
7424 2419
7425 2419
7426 2419
7427 2420
7428 2420
7429 2421
7430 2421
7431 2421
7432 2422
7433 2422
7434 2422
7435 2422
7436 2423
7437 2423
7438 2424
7439 2424
7440 2424
7441 2425
7442 2425
7443 2425
7444 2425
7445 2426
7446 2426
7447 2427
7448 2427
7449 2427
7450 2428
7451 2428
7452 2428
7453 2429
7454 2429
7455 2429
7456 2430
7457 2430
7458 2430
7459 2430
7460 2430
7461 2431
7462 2431
7463 2431
7464 2431
7465 2431
7466 2431
7467 2433
7468 2433
7469 2433
7470 2434
7471 2434
7472 2435
7473 2435
7474 2436
7475 2436
7476 2436
7477 2436
7478 2436
7479 2437
7480 2437
7481 2437
7482 2438
7483 2438
7484 2438
7485 2438
7486 2439
7487 2439
7488 2439
7489 2439
7490 2440
7491 2440
7492 2440
7493 2440
7494 2441
7495 2441
7496 2442
7497 2442
7498 2442
7499 2442
7500 2442
7501 2443
7502 2443
7503 2444
7504 2445
7505 2445
7506 2446
7507 2446
7508 2446
7509 2446
7510 2447
7511 2447
7512 2448
7513 2448
7514 2448
7515 2448
7516 2451
7517 2451
7518 2451
7519 2451
7520 2451
7521 2451
7522 2451
7523 2451
7524 2451
7525 2452
7526 2452
7527 2452
7528 2453
7529 2453
7530 2454
7531 2454
7532 2454
7533 2455
7534 2455
7535 2455
7536 2456
7537 2456
7538 2456
7539 2456
7540 2457
7541 2457
7542 2457
7543 2458
7544 2458
7545 2458
7546 2459
7547 2459
7548 2460
7549 2460
7550 2460
7551 2460
7552 2461
7553 2461
7554 2462
7555 2462
7556 2462
7557 2463
7558 2463
7559 2463
7560 2464
7561 2464
7562 2464
7563 2464
7564 2464
7565 2464
7566 2464
7567 2464
7568 2466
7569 2466
7570 2466
7571 2467
7572 2467
7573 2467
7574 2468
7575 2468
7576 2468
7577 2468
7578 2469
7579 2469
7580 2470
7581 2470
7582 2471
7583 2471
7584 2471
7585 2472
7586 2472
7587 2472
7588 2472
7589 2472
7590 2473
7591 2473
7592 2473
7593 2474
7594 2474
7595 2475
7596 2475
7597 2475
7598 2475
7599 2475
7600 2475
7601 2476
7602 2476
7603 2476
7604 2476
7605 2477
7606 2477
7607 2477
7608 2478
7609 2478
7610 2478
7611 2478
7612 2478
7613 2479
7614 2479
7615 2479
7616 2479
7617 2479
7618 2479
7619 2481
7620 2481
7621 2481
7622 2482
7623 2483
7624 2483
7625 2484
7626 2484
7627 2484
7628 2484
7629 2485
7630 2485
7631 2486
7632 2486
7633 2486
7634 2487
7635 2487
7636 2488
7637 2488
7638 2488
7639 2488
7640 2489
7641 2489
7642 2489
7643 2489
7644 2490
7645 2490
7646 2490
7647 2490
7648 2490
7649 2490
7650 2491
7651 2491
7652 2491
7653 2491
7654 2492
7655 2492
7656 2492
7657 2493
7658 2493
7659 2494
7660 2494
7661 2495
7662 2495
7663 2495
7664 2496
7665 2496
7666 2496
7667 2496
7668 2497
7669 2497
7670 2497
7671 2497
7672 2498
7673 2498
7674 2498
7675 2499
7676 2499
7677 2499
7678 2499
7679 2499
7680 2501
7681 2501
7682 2501
7683 2501
7684 2501
7685 2502
7686 2502
7687 2502
7688 2503
7689 2503
7690 2504
7691 2504
7692 2504
7693 2504
7694 2505
7695 2505
7696 2505
7697 2506
7698 2506
7699 2506
7700 2506
7701 2507
7702 2507
7703 2507
7704 2507
7705 2507
7706 2508
7707 2509
7708 2509
7709 2509
7710 2510
7711 2510
7712 2510
7713 2512
7714 2512
7715 2513
7716 2513
7717 2513
7718 2513
7719 2514
7720 2514
7721 2514
7722 2515
7723 2515
7724 2515
7725 2516
7726 2516
7727 2516
7728 2516
7729 2516
7730 2516
7731 2516
7732 2516
7733 2516
7734 2517
7735 2517
7736 2518
7737 2518
7738 2518
7739 2519
7740 2519
7741 2519
7742 2520
7743 2520
7744 2521
7745 2521
7746 2522
7747 2522
7748 2523
7749 2523
7750 2524
7751 2524
7752 2525
7753 2525
7754 2525
7755 2525
7756 2526
7757 2526
7758 2526
7759 2526
7760 2526
7761 2527
7762 2527
7763 2528
7764 2528
7765 2528
7766 2529
7767 2529
7768 2529
7769 2530
7770 2531
7771 2531
7772 2532
7773 2532
7774 2532
7775 2533
7776 2533
7777 2533
7778 2534
7779 2534
7780 2534
7781 2535
7782 2535
7783 2535
7784 2536
7785 2536
7786 2536
7787 2537
7788 2537
7789 2537
7790 2537
7791 2537
7792 2538
7793 2538
7794 2538
7795 2538
7796 2538
7797 2539
7798 2539
7799 2540
7800 2540
7801 2540
7802 2542
7803 2542
7804 2542
7805 2542
7806 2542
7807 2542
7808 2542
7809 2542
7810 2542
7811 2543
7812 2543
7813 2544
7814 2544
7815 2544
7816 2544
7817 2544
7818 2544
7819 2544
7820 2544
7821 2544
7822 2544
7823 2544
7824 2545
7825 2545
7826 2545
7827 2547
7828 2547
7829 2547
7830 2549
7831 2549
7832 2551
7833 2551
7834 2551
7835 2552
7836 2552
7837 2552
7838 2552
7839 2553
7840 2553
7841 2553
7842 2553
7843 2553
7844 2553
7845 2553
7846 2553
7847 2553
7848 2554
7849 2554
7850 2557
7851 2557
7852 2558
7853 2558
7854 2558
7855 2558
7856 2559
7857 2559
7858 2559
7859 2560
7860 2561
7861 2561
7862 2561
7863 2562
7864 2562
7865 2562
7866 2562
7867 2562
7868 2563
7869 2563
7870 2563
7871 2564
7872 2564
7873 2564
7874 2566
7875 2566
7876 2567
7877 2567
7878 2567
7879 2567
7880 2567
7881 2567
7882 2568
7883 2568
7884 2568
7885 2569
7886 2569
7887 2570
7888 2570
7889 2570
7890 2571
7891 2571
7892 2571
7893 2572
7894 2572
7895 2572
7896 2573
7897 2573
7898 2573
7899 2574
7900 2574
7901 2574
7902 2574
7903 2574
7904 2574
7905 2574
7906 2574
7907 2574
7908 2574
7909 2575
7910 2576
7911 2577
7912 2577
7913 2578
7914 2578
7915 2579
7916 2579
7917 2579
7918 2580
7919 2580
7920 2581
7921 2581
7922 2581
7923 2581
7924 2582
7925 2582
7926 2583
7927 2583
7928 2583
7929 2583
7930 2583
7931 2583
7932 2583
7933 2583
7934 2584
7935 2585
7936 2585
7937 2585
7938 2585
7939 2585
7940 2586
7941 2586
7942 2587
7943 2587
7944 2587
7945 2588
7946 2588
7947 2588
7948 2589
7949 2589
7950 2589
7951 2589
7952 2590
7953 2590
7954 2590
7955 2591
7956 2591
7957 2593
7958 2593
7959 2594
7960 2594
7961 2594
7962 2595
7963 2595
7964 2595
7965 2595
7966 2596
7967 2596
7968 2596
7969 2597
7970 2597
7971 2597
7972 2597
7973 2598
7974 2598
7975 2598
7976 2599
7977 2599
7978 2599
7979 2600
7980 2600
7981 2600
7982 2602
7983 2602
7984 2602
7985 2603
7986 2603
7987 2603
7988 2604
7989 2604
7990 2604
7991 2604
7992 2605
7993 2605
7994 2605
7995 2605
7996 2606
7997 2606
7998 2607
7999 2607
8000 2607
8001 2607
8002 2607
8003 2608
8004 2608
8005 2608
8006 2609
8007 2609
8008 2611
8009 2611
8010 2611
8011 2611
8012 2611
8013 2612
8014 2612
8015 2612
8016 2613
8017 2613
8018 2613
8019 2613
8020 2613
8021 2613
8022 2614
8023 2614
8024 2615
8025 2615
8026 2615
8027 2616
8028 2616
8029 2616
8030 2617
8031 2617
8032 2619
8033 2619
8034 2619
8035 2619
8036 2620
8037 2620
8038 2621
8039 2621
8040 2621
8041 2622
8042 2622
8043 2622
8044 2622
8045 2622
8046 2622
8047 2622
8048 2622
8049 2622
8050 2622
8051 2622
8052 2623
8053 2623
8054 2623
8055 2624
8056 2624
8057 2624
8058 2624
8059 2624
8060 2624
8061 2624
8062 2626
8063 2626
8064 2626
8065 2628
8066 2628
8067 2628
8068 2628
8069 2628
8070 2629
8071 2629
8072 2629
8073 2630
8074 2630
8075 2630
8076 2631
8077 2631
8078 2633
8079 2633
8080 2634
8081 2634
8082 2634
8083 2634
8084 2636
8085 2636
8086 2637
8087 2637
8088 2637
8089 2637
8090 2637
8091 2638
8092 2638
8093 2638
8094 2638
8095 2640
8096 2641
8097 2641
8098 2641
8099 2642
8100 2642
8101 2642
8102 2642
8103 2643
8104 2643
8105 2644
8106 2644
8107 2644
8108 2644
8109 2645
8110 2646
8111 2646
8112 2646
8113 2646
8114 2646
8115 2646
8116 2646
8117 2646
8118 2646
8119 2646
8120 2647
8121 2647
8122 2648
8123 2648
8124 2648
8125 2649
8126 2649
8127 2649
8128 2650
8129 2650
8130 2651
8131 2651
8132 2651
8133 2652
8134 2652
8135 2652
8136 2652
8137 2653
8138 2653
8139 2654
8140 2654
8141 2654
8142 2655
8143 2655
8144 2655
8145 2655
8146 2656
8147 2656
8148 2656
8149 2656
8150 2657
8151 2657
8152 2658
8153 2658
8154 2659
8155 2659
8156 2660
8157 2660
8158 2660
8159 2660
8160 2660
8161 2660
8162 2660
8163 2661
8164 2661
8165 2663
8166 2663
8167 2663
8168 2664
8169 2664
8170 2665
8171 2665
8172 2665
8173 2665
8174 2665
8175 2665
8176 2665
8177 2665
8178 2666
8179 2666
8180 2666
8181 2666
8182 2666
8183 2666
8184 2666
8185 2666
8186 2667
8187 2667
8188 2667
8189 2667
8190 2669
8191 2669
8192 2669
8193 2669
8194 2669
8195 2671
8196 2672
8197 2672
8198 2672
8199 2672
8200 2674
8201 2674
8202 2674
8203 2675
8204 2675
8205 2675
8206 2675
8207 2675
8208 2676
8209 2676
8210 2676
8211 2677
8212 2677
8213 2677
8214 2678
8215 2678
8216 2678
8217 2678
8218 2678
8219 2678
8220 2679
8221 2679
8222 2679
8223 2679
8224 2679
8225 2679
8226 2679
8227 2679
8228 2679
8229 2679
8230 2679
8231 2679
8232 2679
8233 2679
8234 2681
8235 2681
8236 2681
8237 2681
8238 2683
8239 2683
8240 2685
8241 2685
8242 2685
8243 2685
8244 2687
8245 2687
8246 2689
8247 2689
8248 2690
8249 2690
8250 2690
8251 2690
8252 2692
8253 2692
8254 2692
8255 2693
8256 2693
8257 2694
8258 2694
8259 2695
8260 2695
8261 2695
8262 2696
8263 2696
8264 2696
8265 2696
8266 2696
8267 2697
8268 2698
8269 2698
8270 2698
8271 2698
8272 2698
8273 2698
8274 2699
8275 2699
8276 2699
8277 2700
8278 2700
8279 2700
8280 2700
8281 2700
8282 2701
8283 2701
8284 2701
8285 2702
8286 2702
8287 2702
8288 2702
8289 2703
8290 2703
8291 2703
8292 2703
8293 2703
8294 2705
8295 2705
8296 2705
8297 2705
8298 2706
8299 2706
8300 2706
8301 2707
8302 2707
8303 2708
8304 2708
8305 2708
8306 2709
8307 2709
8308 2709
8309 2709
8310 2710
8311 2710
8312 2710
8313 2710
8314 2711
8315 2711
8316 2712
8317 2712
8318 2712
8319 2712
8320 2713
8321 2713
8322 2714
8323 2714
8324 2714
8325 2714
8326 2714
8327 2714
8328 2714
8329 2714
8330 2715
8331 2715
8332 2715
8333 2716
8334 2716
8335 2718
8336 2718
8337 2718
8338 2719
8339 2719
8340 2721
8341 2721
8342 2721
8343 2722
8344 2722
8345 2723
8346 2723
8347 2723
8348 2724
8349 2724
8350 2724
8351 2725
8352 2725
8353 2725
8354 2725
8355 2725
8356 2726
8357 2726
8358 2727
8359 2727
8360 2727
8361 2728
8362 2728
8363 2728
8364 2728
8365 2728
8366 2729
8367 2729
8368 2730
8369 2730
8370 2730
8371 2730
8372 2731
8373 2731
8374 2732
8375 2732
8376 2733
8377 2733
8378 2733
8379 2733
8380 2734
8381 2734
8382 2735
8383 2735
8384 2736
8385 2736
8386 2738
8387 2738
8388 2738
8389 2738
8390 2738
8391 2739
8392 2739
8393 2739
8394 2740
8395 2740
8396 2740
8397 2740
8398 2741
8399 2741
8400 2742
8401 2742
8402 2742
8403 2743
8404 2743
8405 2743
8406 2744
8407 2744
8408 2744
8409 2744
8410 2746
8411 2746
8412 2747
8413 2747
8414 2747
8415 2748
8416 2748
8417 2748
8418 2749
8419 2749
8420 2749
8421 2750
8422 2750
8423 2750
8424 2750
8425 2751
8426 2751
8427 2752
8428 2752
8429 2752
8430 2752
8431 2752
8432 2752
8433 2753
8434 2753
8435 2754
8436 2754
8437 2754
8438 2754
8439 2754
8440 2754
8441 2756
8442 2757
8443 2757
8444 2757
8445 2757
8446 2758
8447 2758
8448 2758
8449 2759
8450 2759
8451 2759
8452 2760
8453 2760
8454 2760
8455 2760
8456 2760
8457 2760
8458 2760
8459 2760
8460 2760
8461 2760
8462 2760
8463 2761
8464 2762
8465 2762
8466 2762
8467 2762
8468 2763
8469 2763
8470 2764
8471 2764
8472 2764
8473 2766
8474 2766
8475 2766
8476 2767
8477 2767
8478 2768
8479 2768
8480 2769
8481 2769
8482 2770
8483 2770
8484 2770
8485 2771
8486 2771
8487 2771
8488 2771
8489 2772
8490 2772
8491 2773
8492 2773
8493 2773
8494 2773
8495 2775
8496 2775
8497 2775
8498 2775
8499 2775
8500 2775
8501 2775
8502 2775
8503 2775
8504 2776
8505 2776
8506 2777
8507 2777
8508 2778
8509 2778
8510 2778
8511 2779
8512 2779
8513 2779
8514 2779
8515 2780
8516 2780
8517 2780
8518 2781
8519 2781
8520 2781
8521 2781
8522 2781
8523 2782
8524 2782
8525 2782
8526 2782
8527 2782
8528 2783
8529 2783
8530 2784
8531 2784
8532 2784
8533 2785
8534 2785
8535 2785
8536 2786
8537 2786
8538 2786
8539 2786
8540 2787
8541 2787
8542 2787
8543 2787
8544 2789
8545 2789
8546 2789
8547 2790
8548 2790
8549 2790
8550 2791
8551 2791
8552 2792
8553 2792
8554 2792
8555 2793
8556 2793
8557 2794
8558 2794
8559 2794
8560 2794
8561 2796
8562 2796
8563 2796
8564 2796
8565 2796
8566 2797
8567 2797
8568 2798
8569 2798
8570 2799
8571 2799
8572 2799
8573 2799
8574 2800
8575 2800
8576 2800
8577 2800
8578 2800
8579 2801
8580 2801
8581 2801
8582 2802
8583 2802
8584 2802
8585 2803
8586 2804
8587 2804
8588 2804
8589 2805
8590 2805
8591 2805
8592 2805
8593 2805
8594 2805
8595 2805
8596 2805
8597 2805
8598 2806
8599 2806
8600 2806
8601 2807
8602 2807
8603 2807
8604 2809
8605 2809
8606 2809
8607 2810
8608 2810
8609 2810
8610 2810
8611 2811
8612 2811
8613 2812
8614 2812
8615 2812
8616 2813
8617 2813
8618 2813
8619 2813
8620 2814
8621 2814
8622 2815
8623 2815
8624 2815
8625 2816
8626 2816
8627 2816
8628 2816
8629 2816
8630 2816
8631 2816
8632 2816
8633 2817
8634 2817
8635 2818
8636 2818
8637 2818
8638 2819
8639 2820
8640 2820
8641 2820
8642 2821
8643 2822
8644 2822
8645 2822
8646 2822
8647 2822
8648 2822
8649 2823
8650 2823
8651 2824
8652 2824
8653 2824
8654 2825
8655 2825
8656 2825
8657 2826
8658 2826
8659 2826
8660 2827
8661 2827
8662 2828
8663 2828
8664 2828
8665 2829
8666 2829
8667 2829
8668 2829
8669 2829
8670 2830
8671 2830
8672 2831
8673 2831
8674 2831
8675 2832
8676 2832
8677 2832
8678 2832
8679 2832
8680 2832
8681 2832
8682 2832
8683 2832
8684 2832
8685 2833
8686 2833
8687 2834
8688 2834
8689 2834
8690 2836
8691 2836
8692 2836
8693 2836
8694 2837
8695 2837
8696 2838
8697 2838
8698 2839
8699 2839
8700 2839
8701 2839
8702 2840
8703 2841
8704 2841
8705 2841
8706 2843
8707 2843
8708 2843
8709 2844
8710 2845
8711 2845
8712 2845
8713 2845
8714 2846
8715 2846
8716 2846
8717 2847
8718 2847
8719 2847
8720 2847
8721 2848
8722 2848
8723 2848
8724 2848
8725 2850
8726 2850
8727 2850
8728 2850
8729 2851
8730 2851
8731 2851
8732 2852
8733 2852
8734 2853
8735 2853
8736 2853
8737 2853
8738 2854
8739 2854
8740 2855
8741 2855
8742 2855
8743 2855
8744 2856
8745 2856
8746 2856
8747 2856
8748 2856
8749 2856
8750 2856
8751 2856
8752 2856
8753 2856
8754 2857
8755 2857
8756 2858
8757 2858
8758 2859
8759 2859
8760 2859
8761 2859
8762 2860
8763 2861
8764 2861
8765 2862
8766 2862
8767 2863
8768 2863
8769 2864
8770 2864
8771 2864
8772 2865
8773 2865
8774 2865
8775 2866
8776 2866
8777 2867
8778 2867
8779 2867
8780 2867
8781 2867
8782 2867
8783 2867
8784 2868
8785 2868
8786 2869
8787 2869
8788 2869
8789 2870
8790 2870
8791 2870
8792 2871
8793 2871
8794 2871
8795 2871
8796 2871
8797 2872
8798 2872
8799 2873
8800 2873
8801 2873
8802 2874
8803 2874
8804 2874
8805 2876
8806 2876
8807 2876
8808 2876
8809 2877
8810 2877
8811 2877
8812 2877
8813 2878
8814 2878
8815 2879
8816 2879
8817 2881
8818 2881
8819 2881
8820 2881
8821 2881
8822 2881
8823 2881
8824 2882
8825 2882
8826 2882
8827 2883
8828 2883
8829 2884
8830 2884
8831 2884
8832 2884
8833 2884
8834 2884
8835 2885
8836 2885
8837 2885
8838 2886
8839 2886
8840 2886
8841 2886
8842 2886
8843 2887
8844 2887
8845 2888
8846 2888
8847 2889
8848 2889
8849 2889
8850 2891
8851 2891
8852 2891
8853 2891
8854 2892
8855 2892
8856 2892
8857 2893
8858 2893
8859 2894
8860 2894
8861 2894
8862 2894
8863 2894
8864 2895
8865 2895
8866 2895
8867 2895
8868 2896
8869 2896
8870 2897
8871 2897
8872 2898
8873 2898
8874 2898
8875 2898
8876 2898
8877 2898
8878 2898
8879 2899
8880 2899
8881 2899
8882 2900
8883 2901
8884 2901
8885 2901
8886 2902
8887 2902
8888 2902
8889 2903
8890 2903
8891 2904
8892 2904
8893 2904
8894 2904
8895 2904
8896 2905
8897 2905
8898 2905
8899 2906
8900 2906
8901 2906
8902 2907
8903 2907
8904 2908
8905 2908
8906 2908
8907 2909
8908 2909
8909 2910
8910 2910
8911 2910
8912 2911
8913 2911
8914 2911
8915 2911
8916 2911
8917 2913
8918 2913
8919 2914
8920 2914
8921 2914
8922 2915
8923 2915
8924 2915
8925 2915
8926 2915
8927 2917
8928 2917
8929 2917
8930 2918
8931 2918
8932 2919
8933 2919
8934 2919
8935 2921
8936 2921
8937 2921
8938 2921
8939 2921
8940 2922
8941 2922
8942 2922
8943 2922
8944 2923
8945 2923
8946 2923
8947 2923
8948 2923
8949 2923
8950 2923
8951 2923
8952 2923
8953 2925
8954 2925
8955 2925
8956 2925
8957 2925
8958 2925
8959 2925
8960 2925
8961 2927
8962 2927
8963 2927
8964 2928
8965 2928
8966 2928
8967 2928
8968 2928
8969 2928
8970 2929
8971 2929
8972 2929
8973 2929
8974 2930
8975 2930
8976 2930
8977 2931
8978 2931
8979 2932
8980 2932
8981 2932
8982 2933
8983 2933
8984 2934
8985 2934
8986 2934
8987 2934
8988 2935
8989 2935
8990 2936
8991 2936
8992 2936
8993 2937
8994 2937
8995 2937
8996 2938
8997 2938
8998 2938
8999 2938
9000 2938
9001 2938
9002 2938
9003 2939
9004 2939
9005 2941
9006 2941
9007 2941
9008 2941
9009 2942
9010 2942
9011 2942
9012 2943
9013 2943
9014 2943
9015 2943
9016 2945
9017 2945
9018 2946
9019 2946
9020 2947
9021 2947
9022 2947
9023 2948
9024 2948
9025 2949
9026 2949
9027 2949
9028 2950
9029 2950
9030 2950
9031 2950
9032 2950
9033 2950
9034 2950
9035 2951
9036 2951
9037 2951
9038 2951
9039 2952
9040 2952
9041 2952
9042 2952
9043 2952
9044 2953
9045 2953
9046 2954
9047 2954
9048 2954
9049 2954
9050 2954
9051 2955
9052 2955
9053 2956
9054 2956
9055 2957
9056 2957
9057 2959
9058 2959
9059 2959
9060 2959
9061 2960
9062 2960
9063 2960
9064 2960
9065 2960
9066 2960
9067 2960
9068 2960
9069 2962
9070 2962
9071 2963
9072 2963
9073 2964
9074 2964
9075 2964
9076 2964
9077 2964
9078 2964
9079 2964
9080 2965
9081 2965
9082 2965
9083 2966
9084 2966
9085 2968
9086 2969
9087 2969
9088 2970
9089 2970
9090 2970
9091 2970
9092 2970
9093 2970
9094 2971
9095 2971
9096 2972
9097 2972
9098 2972
9099 2973
9100 2973
9101 2974
9102 2974
9103 2974
9104 2974
9105 2976
9106 2976
9107 2976
9108 2976
9109 2976
9110 2977
9111 2977
9112 2977
9113 2978
9114 2978
9115 2979
9116 2979
9117 2979
9118 2980
9119 2980
9120 2981
9121 2981
9122 2981
9123 2981
9124 2982
9125 2982
9126 2982
9127 2982
9128 2983
9129 2983
9130 2983
9131 2984
9132 2984
9133 2984
9134 2984
9135 2985
9136 2985
9137 2985
9138 2985
9139 2986
9140 2986
9141 2987
9142 2987
9143 2987
9144 2987
9145 2988
9146 2988
9147 2988
9148 2988
9149 2988
9150 2989
9151 2989
9152 2989
9153 2989
9154 2990
9155 2990
9156 2990
9157 2990
9158 2991
9159 2991
9160 2991
9161 2991
9162 2992
9163 2993
9164 2993
9165 2993
9166 2993
9167 2993
9168 2994
9169 2994
9170 2994
9171 2995
9172 2995
9173 2995
9174 2995
9175 2996
9176 2996
9177 2998
9178 2998
9179 2999
9180 2999
9181 2999
9182 2999
9183 3000
9184 3000
9185 3000
9186 3000
9187 3000
9188 3000
9189 3001
9190 3001
9191 3002
9192 3002
9193 3002
9194 3004
9195 3004
9196 3005
9197 3005
9198 3005
9199 3005
9200 3006
9201 3006
9202 3006
9203 3006
9204 3007
9205 3007
9206 3007
9207 3007
9208 3007
9209 3007
9210 3009
9211 3009
9212 3009
9213 3009
9214 3009
9215 3009
9216 3010
9217 3010
9218 3011
9219 3011
9220 3012
9221 3012
9222 3012
9223 3012
9224 3013
9225 3013
9226 3013
9227 3013
9228 3014
9229 3014
9230 3015
9231 3015
9232 3015
9233 3015
9234 3016
9235 3017
9236 3017
9237 3017
9238 3018
9239 3018
9240 3018
9241 3018
9242 3018
9243 3019
9244 3019
9245 3020
9246 3020
9247 3020
9248 3021
9249 3021
9250 3021
9251 3021
9252 3022
9253 3022
9254 3023
9255 3023
9256 3024
9257 3024
9258 3025
9259 3025
9260 3025
9261 3025
9262 3025
9263 3025
9264 3025
9265 3025
9266 3026
9267 3026
9268 3026
9269 3026
9270 3027
9271 3027
9272 3028
9273 3028
9274 3028
9275 3029
9276 3029
9277 3029
9278 3029
9279 3030
9280 3030
9281 3030
9282 3030
9283 3030
9284 3031
9285 3031
9286 3031
9287 3032
9288 3032
9289 3032
9290 3033
9291 3033
9292 3033
9293 3033
9294 3034
9295 3034
9296 3034
9297 3034
9298 3034
9299 3035
9300 3035
9301 3037
9302 3037
9303 3037
9304 3039
9305 3039
9306 3040
9307 3040
9308 3041
9309 3041
9310 3042
9311 3042
9312 3043
9313 3043
9314 3043
9315 3044
9316 3044
9317 3045
9318 3045
9319 3045
9320 3046
9321 3046
9322 3047
9323 3047
9324 3047
9325 3047
9326 3047
9327 3048
9328 3048
9329 3048
9330 3049
9331 3049
9332 3050
9333 3050
9334 3050
9335 3050
9336 3051
9337 3051
9338 3051
9339 3052
9340 3053
9341 3053
9342 3053
9343 3053
9344 3053
9345 3053
9346 3054
9347 3054
9348 3054
9349 3054
9350 3055
9351 3055
9352 3055
9353 3055
9354 3055
9355 3055
9356 3056
9357 3056
9358 3056
9359 3057
9360 3057
9361 3057
9362 3058
9363 3058
9364 3058
9365 3058
9366 3059
9367 3059
9368 3059
9369 3059
9370 3059
9371 3059
9372 3061
9373 3062
9374 3062
9375 3062
9376 3063
9377 3063
9378 3063
9379 3064
9380 3064
9381 3064
9382 3065
9383 3065
9384 3065
9385 3067
9386 3067
9387 3068
9388 3068
9389 3068
9390 3068
9391 3068
9392 3068
9393 3068
9394 3068
9395 3068
9396 3068
9397 3068
9398 3070
9399 3070
9400 3071
9401 3071
9402 3071
9403 3071
9404 3071
9405 3073
9406 3073
9407 3073
9408 3074
9409 3075
9410 3075
9411 3075
9412 3075
9413 3075
9414 3076
9415 3076
9416 3077
9417 3077
9418 3077
9419 3077
9420 3078
9421 3078
9422 3079
9423 3079
9424 3080
9425 3080
9426 3080
9427 3080
9428 3080
9429 3081
9430 3081
9431 3081
9432 3081
9433 3081
9434 3082
9435 3082
9436 3082
9437 3082
9438 3083
9439 3083
9440 3083
9441 3084
9442 3084
9443 3084
9444 3085
9445 3085
9446 3085
9447 3086
9448 3086
9449 3087
9450 3087
9451 3088
9452 3088
9453 3088
9454 3089
9455 3089
9456 3090
9457 3090
9458 3090
9459 3090
9460 3091
9461 3091
9462 3091
9463 3091
9464 3091
9465 3092
9466 3092
9467 3092
9468 3093
9469 3093
9470 3093
9471 3094
9472 3094
9473 3094
9474 3094
9475 3094
9476 3094
9477 3094
9478 3095
9479 3095
9480 3095
9481 3096
9482 3096
9483 3096
9484 3096
9485 3097
9486 3097
9487 3097
9488 3098
9489 3098
9490 3099
9491 3099
9492 3099
9493 3099
9494 3100
9495 3101
9496 3101
9497 3101
9498 3102
9499 3102
9500 3103
9501 3103
9502 3103
9503 3104
9504 3104
9505 3105
9506 3105
9507 3105
9508 3105
9509 3106
9510 3106
9511 3106
9512 3107
9513 3107
9514 3107
9515 3108
9516 3108
9517 3108
9518 3109
9519 3109
9520 3110
9521 3110
9522 3110
9523 3110
9524 3111
9525 3111
9526 3111
9527 3112
9528 3112
9529 3113
9530 3113
9531 3113
9532 3113
9533 3113
9534 3114
9535 3114
9536 3114
9537 3115
9538 3115
9539 3115
9540 3115
9541 3117
9542 3117
9543 3117
9544 3118
9545 3118
9546 3119
9547 3119
9548 3119
9549 3120
9550 3120
9551 3120
9552 3121
9553 3121
9554 3122
9555 3122
9556 3122
9557 3123
9558 3123
9559 3123
9560 3124
9561 3124
9562 3125
9563 3125
9564 3125
9565 3126
9566 3126
9567 3126
9568 3127
9569 3127
9570 3127
9571 3127
9572 3127
9573 3127
9574 3128
9575 3128
9576 3128
9577 3129
9578 3129
9579 3129
9580 3130
9581 3130
9582 3130
9583 3131
9584 3131
9585 3131
9586 3131
9587 3131
9588 3132
9589 3132
9590 3133
9591 3133
9592 3133
9593 3134
9594 3134
9595 3134
9596 3135
9597 3135
9598 3135
9599 3136
9600 3136
9601 3136
9602 3136
9603 3136
9604 3136
9605 3137
9606 3137
9607 3138
9608 3138
9609 3138
9610 3139
9611 3139
9612 3139
9613 3139
9614 3139
9615 3139
9616 3140
9617 3140
9618 3140
9619 3140
9620 3141
9621 3141
9622 3142
9623 3142
9624 3142
9625 3143
9626 3143
9627 3143
9628 3144
9629 3144
9630 3144
9631 3144
9632 3144
9633 3144
9634 3147
9635 3147
9636 3147
9637 3148
9638 3148
9639 3149
9640 3149
9641 3150
9642 3150
9643 3150
9644 3150
9645 3150
9646 3151
9647 3151
9648 3151
9649 3151
9650 3152
9651 3152
9652 3152
9653 3153
9654 3153
9655 3153
9656 3154
9657 3154
9658 3154
9659 3154
9660 3155
9661 3155
9662 3155
9663 3155
9664 3156
9665 3156
9666 3156
9667 3156
9668 3157
9669 3157
9670 3157
9671 3157
9672 3157
9673 3157
9674 3157
9675 3157
9676 3157
9677 3157
9678 3157
9679 3157
9680 3157
9681 3157
9682 3158
9683 3158
9684 3163
9685 3163
9686 3164
9687 3164
9688 3164
9689 3164
9690 3165
9691 3165
9692 3165
9693 3165
9694 3165
9695 3166
9696 3166
9697 3166
9698 3167
9699 3167
9700 3169
9701 3169
9702 3170
9703 3170
9704 3170
9705 3171
9706 3171
9707 3171
9708 3172
9709 3172
9710 3172
9711 3172
9712 3173
9713 3173
9714 3173
9715 3174
9716 3174
9717 3174
9718 3175
9719 3175
9720 3175
9721 3175
9722 3175
9723 3175
9724 3176
9725 3176
9726 3177
9727 3177
9728 3177
9729 3178
9730 3178
9731 3179
9732 3179
9733 3179
9734 3179
9735 3181
9736 3181
9737 3182
9738 3182
9739 3182
9740 3182
9741 3183
9742 3183
9743 3183
9744 3183
9745 3184
9746 3184
9747 3184
9748 3185
9749 3185
9750 3186
9751 3186
9752 3187
9753 3187
9754 3188
9755 3188
9756 3188
9757 3189
9758 3189
9759 3191
9760 3191
9761 3192
9762 3192
9763 3192
9764 3192
9765 3192
9766 3193
9767 3193
9768 3193
9769 3193
9770 3193
9771 3194
9772 3194
9773 3195
9774 3195
9775 3195
9776 3195
9777 3196
9778 3196
9779 3197
9780 3197
9781 3197
9782 3197
9783 3198
9784 3198
9785 3199
9786 3199
9787 3199
9788 3199
9789 3199
9790 3200
9791 3200
9792 3200
9793 3200
9794 3201
9795 3201
9796 3201
9797 3202
9798 3202
9799 3203
9800 3203
9801 3204
9802 3204
9803 3204
9804 3204
9805 3205
9806 3205
9807 3205
9808 3206
9809 3206
9810 3206
9811 3206
9812 3207
9813 3207
9814 3208
9815 3208
9816 3208
9817 3208
9818 3209
9819 3209
9820 3210
9821 3210
9822 3210
9823 3211
9824 3211
9825 3211
9826 3212
9827 3212
9828 3212
9829 3212
9830 3212
9831 3212
9832 3214
9833 3214
9834 3214
9835 3215
9836 3215
9837 3215
9838 3216
9839 3216
9840 3216
9841 3216
9842 3216
9843 3216
9844 3217
9845 3217
9846 3218
9847 3218
9848 3219
9849 3221
9850 3221
9851 3221
9852 3222
9853 3222
9854 3222
9855 3223
9856 3223
9857 3223
9858 3224
9859 3224
9860 3224
9861 3224
9862 3224
9863 3224
9864 3224
9865 3224
9866 3224
9867 3225
9868 3225
9869 3226
9870 3226
9871 3226
9872 3227
9873 3227
9874 3227
9875 3228
9876 3228
9877 3229
9878 3229
9879 3230
9880 3230
9881 3231
9882 3231
9883 3231
9884 3231
9885 3232
9886 3232
9887 3232
9888 3233
9889 3233
9890 3233
9891 3233
9892 3233
9893 3233
9894 3234
9895 3234
9896 3234
9897 3234
9898 3235
9899 3235
9900 3235
9901 3235
9902 3236
9903 3236
9904 3237
9905 3237
9906 3237
9907 3237
9908 3237
9909 3237
9910 3238
9911 3238
9912 3239
9913 3239
9914 3239
9915 3239
9916 3239
9917 3241
9918 3241
9919 3241
9920 3242
9921 3242
9922 3243
9923 3243
9924 3243
9925 3243
9926 3243
9927 3244
9928 3244
9929 3244
9930 3245
9931 3245
9932 3245
9933 3245
9934 3245
9935 3246
9936 3246
9937 3246
9938 3247
9939 3247
9940 3247
9941 3247
9942 3247
9943 3248
9944 3248
9945 3248
9946 3250
9947 3250
9948 3250
9949 3250
9950 3250
9951 3251
9952 3251
9953 3252
9954 3252
9955 3252
9956 3253
9957 3254
9958 3254
9959 3254
9960 3255
9961 3256
9962 3256
9963 3257
9964 3257
9965 3258
9966 3258
9967 3258
9968 3259
9969 3259
9970 3260
9971 3260
9972 3260
9973 3260
9974 3261
9975 3261
9976 3261
9977 3262
9978 3262
9979 3262
9980 3263
9981 3263
9982 3264
9983 3264
9984 3264
9985 3265
9986 3265
9987 3265
9988 3266
9989 3266
9990 3266
9991 3266
9992 3267
9993 3267
9994 3268
9995 3268
9996 3268
9997 3269
9998 3269
9999 3269
10000 3270
