41006 13669
FACTORS
13669 2
13670 29
13671 335
13672 23
13673 327
13674 787
13675 74
13676 155
13677 183
13678 41
13679 2
13680 831
13681 2
13682 5
13683 8
13684 131
13685 692
13686 17
13687 2
13688 531
13689 477
13690 460
13691 2
13692 252
13693 2
13694 246
13695 499
13696 386
13697 2
13698 53
13699 401
13700 301
13701 8
13702 664
13703 213
13704 71
13705 14
13706 465
13707 26
13708 276
13709 2
13710 89
13711 2
13712 47
13713 62
13714 5
13715 194
13716 324
13717 67
13718 69
13719 152
13720 32
13721 2
13722 17
13723 2
13724 568
13725 465
13726 5
13728 154
13729 2
13730 29
13731 207
13732 11
13733 92
13734 379
13735 621
13736 410
13737 170
13738 5
13739 32
13740 179
13741 272
13742 5
13743 80
13744 47
13745 14
13746 525
13747 175
13748 83
13749 8
13751 2
13752 215
13753 50
13754 143
13755 315
13756 227
13757 2
13758 17
13759 2
13760 121
13761 297
13762 41
13763 2
13765 14
13766 5
13767 116
13768 23
13769 145
13771 139
13772 131
13773 8
13774 243
13776 36
13777 68
13779 26
13781 2
13782 17
13783 230
13784 23
13785 44
13786 38
13787 50
13788 107
13789 2
13790 209
13791 8
13792 95
13793 38
13796 11
13798 5
13799 2
13801 109
13805 163
13807 2
13808 47
13809 8
13810 29
13811 20
13812 35
13813 56
13814 5
13815 133
13816 262
13817 121
13819 38
13820 59
13821 151
13822 5
13823 68
13826 183
13827 97
13828 11
13829 2
13830 88
13831 2
13834 5
13835 14
13836 35
13839 62
13840 238
13841 2
13842 53
13844 11
13845 129
13847 180
13848 71
13849 32
13850 148
13852 11
13853 20
13854 17
13856 94
13859 2
13862 171
13863 8
13864 23
13866 17
13867 144
13868 11
13873 2
13874 41
13876 11
13877 2
13878 159
13879 2
13880 118
13881 62
13882 64
13883 2
13885 14
13887 26
13890 88
13891 85
13893 97
13894 5
13895 103
13897 38
13898 5
13901 2
13902 123
13903 2
13906 100
13907 2
13909 20
13911 8
13913 2
13914 53
13917 8
13918 5
13919 91
13921 2
13922 5
13925 73
13927 55
13928 23
13929 8
13931 2
13933 2
13934 5
13935 44
13941 26
13942 5
13945 14
13946 111
13947 8
13948 129
13951 20
13953 8
13954 5
13955 14
13956 35
13957 49
13958 41
13960 117
13961 67
13963 2
13964 11
13966 5
13967 2
13971 8
13972 82
13976 23
13977 26
13979 20
13982 5
13985 14
13989 8
13990 29
13991 49
13993 20
13994 5
13996 11
13997 2
13998 17
13999 2
14001 114
14002 5
14004 105
14005 14
14009 2
14010 87
14011 2
14015 14
14019 8
14020 58
14021 20
14023 108
14024 23
14026 5
14029 2
14031 26
14032 46
14033 2
14034 17
14035 102
14037 8
14038 5
14041 55
14044 11
14046 17
14047 32
14048 93
14051 2
14052 35
14054 5
14055 43
14057 2
14059 49
14066 75
14067 78
14068 11
14069 32
14071 2
14072 23
14073 8
14075 72
14077 20
14078 5
14081 2
14082 17
14083 2
14084 81
14086 5
14087 2
14088 69
14090 29
14093 49
14095 14
14096 46
14099 66
14102 63
14103 26
14106 17
14107 2
14108 11
14109 8
14113 31
14114 5
14115 43
14116 11
14117 55
14119 20
14121 78
14123 84
14126 40
14128 46
14131 37
14132 11
14133 60
14138 5
14139 26
14142 17
14143 2
14146 63
14149 2
14153 2
14156 11
14158 5
14159 2
14163 8
14164 11
14165 14
14166 52
14169 8
14172 34
14173 2
14177 2
14179 31
14180 57
14182 40
14183 37
14185 14
14187 8
14188 11
14189 20
14191 66
14192 46
14197 2
14199 8
14201 31
14203 20
14205 43
14206 5
14207 2
14209 37
14211 25
14215 14
14216 23
14217 60
14218 5
14221 2
14225 72
14226 17
14228 11
14230 28
14232 69
14234 63
14236 11
14237 66
14242 5
14243 2
14244 34
14247 25
14249 2
14251 2
14253 8
14254 5
14255 14
14258 5
14261 37
14262 17
14263 48
14264 22
14266 40
14267 31
14269 54
14270 28
14273 20
14277 8
14281 2
14284 11
14285 14
14286 17
14290 28
14293 2
14294 40
14295 43
14296 22
14298 17
14302 5
14303 2
14305 14
14311 31
14312 22
14316 34
14318 5
14321 2
14323 2
14324 11
14327 2
14330 28
14332 11
14333 31
14334 17
14339 37
14341 2
14343 60
14346 51
14347 2
14349 8
14354 5
14358 17
14361 8
14367 8
14369 2
14371 19
14372 11
14373 25
14374 5
14377 31
14379 8
14380 57
14383 54
14386 5
14387 2
14389 2
14390 28
14394 17
14395 14
14397 8
14401 2
14403 8
14407 2
14408 22
14409 25
14411 2
14412 34
14414 5
14417 36
14419 2
14422 5
14423 2
14426 5
14428 11
14431 2
14434 39
14435 14
14437 2
14438 5
14439 8
14441 19
14447 2
14449 2
14451 8
14452 11
14458 5
14461 2
14462 39
14463 25
14466 17
14468 11
14470 28
14474 5
14479 2
14481 25
14483 19
14485 14
14486 5
14488 22
14489 2
14492 11
14493 8
14494 5
14501 48
14502 16
14503 2
14505 42
14506 5
14509 31
14510 28
14512 45
14515 14
14517 25
14519 2
14521 36
14524 11
14530 28
14531 31
14533 2
14537 2
14538 16
14543 2
14545 14
14546 39
14548 11
14549 2
14551 2
14556 33
14557 2
14561 2
14563 2
14565 42
14566 5
14567 19
14571 25
14572 11
14576 45
14581 19
14583 8
14584 22
14585 14
14589 25
14590 28
14591 2
14593 2
14594 5
14597 30
14599 36
14604 33
14609 19
14613 8
14614 5
14618 5
14621 2
14622 16
14623 19
14627 2
14629 2
14631 8
14633 2
14635 14
14636 11
14639 2
14642 5
14643 25
14646 16
14648 22
14653 2
14657 2
14662 5
14666 5
14667 8
14669 2
14676 33
14677 36
14682 16
14683 2
14684 11
14686 39
14692 11
14693 19
14695 13
14698 5
14699 2
14702 5
14708 11
14709 8
14710 27
14713 2
14714 39
14717 2
14723 2
14727 8
14731 2
14733 25
14737 2
14738 5
14741 2
14747 2
14748 33
14753 2
14754 16
14757 8
14759 2
14764 11
14765 13
14767 2
14771 2
14772 33
14776 22
14777 19
14779 2
14783 2
14785 13
14786 5
14788 11
14791 19
14793 8
14797 2
14799 8
14802 16
14804 11
14810 27
14811 8
14813 2
14815 13
14821 2
14822 5
14827 2
14829 8
14830 27
14831 2
14834 5
14836 11
14838 16
14843 2
14844 33
14845 13
14851 2
14853 8
14855 13
14862 16
14866 5
14867 2
14869 2
14870 27
14871 8
14876 11
14879 2
14887 2
14888 22
14890 27
14891 2
14897 2
14901 8
14902 5
14903 19
14907 8
14908 11
14913 24
14914 5
14917 19
14918 5
14919 8
14923 2
14929 2
14930 27
14932 10
14936 21
14939 2
14947 2
14951 2
14954 5
14956 10
14957 2
14959 19
14961 8
14962 5
14967 24
14968 21
14969 2
14971 30
14974 5
14978 5
14979 8
14983 2
14984 21
14987 19
14990 27
14995 13
14997 8
14998 5
15001 19
15003 24
15005 13
15009 8
15013 2
15014 5
15016 21
15017 2
15018 16
15021 24
15027 8
15031 2
15032 21
15033 8
15034 5
15044 10
15046 5
15053 2
15055 13
15058 5
15061 2
15063 8
15068 10
15069 8
15071 19
15073 2
15074 5
15076 10
15077 2
15082 5
15083 2
15091 2
15094 5
15095 13
15098 5
15101 2
15107 2
15110 27
15112 21
15115 13
15116 10
15117 8
15118 5
15121 2
15122 5
15126 16
15127 18
15131 2
15137 2
15139 2
15146 5
15149 2
15153 8
15154 5
15161 2
15166 5
15172 10
15173 2
15177 8
15178 5
15182 5
15185 13
15186 16
15187 2
15188 10
15193 2
15199 2
15205 13
15206 5
15208 21
15212 10
15214 5
15217 2
15227 2
15231 8
15233 2
15234 16
15237 24
15241 2
15242 5
15243 8
15245 13
15253 18
15256 21
15258 16
15259 2
15261 8
15263 2
15269 2
15271 2
15273 24
15277 2
15278 5
15284 10
15286 5
15287 2
15289 2
15291 24
15292 10
15294 16
15297 8
15298 5
15299 2
15303 8
15304 21
15305 13
15306 16
15307 2
15313 2
15319 2
15321 8
15329 2
15331 2
15332 10
15335 13
15338 5
15339 8
15342 16
15346 5
15349 2
15357 8
15359 2
15361 2
15362 5
15373 2
15374 5
15377 2
15382 5
15383 2
15388 10
15391 2
15395 13
15398 5
15401 2
15404 10
15406 5
15412 10
15413 2
15415 13
15421 18
15427 2
15434 5
15439 2
15441 7
15443 2
15445 13
15446 5
15448 21
15449 18
15451 2
15452 10
15454 5
15459 7
15461 2
15464 21
15467 2
15473 2
15474 15
15482 5
15491 18
15493 2
15497 2
15501 7
15506 5
15508 10
15511 2
15513 7
15514 5
15518 5
15524 10
15527 2
15537 7
15541 2
15545 13
15546 15
15547 18
15551 2
15556 10
15558 15
15559 2
15567 7
15569 2
15578 5
15581 2
15583 2
15586 5
15591 7
15592 21
15595 13
15601 2
15605 13
15607 2
15608 21
15619 2
15627 7
15628 10
15629 2
15634 5
15641 2
15643 2
15644 10
15646 5
15647 2
15649 2
15654 15
15658 5
15659 18
15661 2
15667 2
15668 10
15671 2
15673 18
15676 10
15679 2
15681 7
15682 5
15683 2
15685 13
15692 10
15693 7
15699 7
15701 18
15702 15
15706 5
15711 7
15716 10
15724 10
15726 15
15727 2
15731 2
15733 2
15734 5
15737 2
15739 2
15746 5
15749 2
15754 5
15757 18
15758 5
15761 2
15766 5
15767 2
15772 10
15773 2
15783 7
15787 2
15788 10
15791 2
15797 2
15798 15
15802 5
15803 2
15809 2
15814 5
15815 12
15817 2
15819 7
15823 2
15835 12
15837 7
15838 5
15843 7
15845 12
15854 5
15859 2
15866 5
15868 10
15869 18
15874 5
15877 2
15881 2
15882 15
15883 18
15887 2
15889 2
15891 7
15898 5
15901 2
15902 5
15905 12
15907 2
15909 7
15911 18
15913 2
15919 2
15923 2
15926 5
15927 7
15935 12
15937 2
15942 15
15954 15
15955 12
15956 10
15959 2
15969 7
15971 2
15973 2
15978 15
15986 5
15991 2
15999 7
16001 2
16004 10
16007 2
16012 10
16015 12
16018 5
16022 5
16026 15
16028 10
16033 2
16034 5
16041 7
16045 12
16052 10
16053 7
16057 2
16061 2
16062 15
16063 2
16067 2
16069 2
16073 2
16076 10
16078 5
16084 10
16085 12
16087 2
16091 2
16097 2
16098 15
16103 2
16105 12
16106 5
16108 10
16111 2
16118 5
16122 15
16127 2
16134 15
16138 5
16139 2
16141 2
16143 7
16145 12
16158 15
16161 7
16162 5
16174 5
16178 5
16179 7
16183 2
16186 5
16187 2
16189 2
16193 2
16194 15
16196 10
16197 7
16202 5
16204 10
16217 2
16221 7
16222 5
16223 2
16228 10
16229 2
16231 2
16234 5
16239 7
16242 15
16246 5
16249 2
16251 7
16253 2
16255 12
16257 7
16265 12
16266 15
16267 2
16273 2
16278 15
16285 12
16292 10
16293 7
16294 5
16295 12
16301 2
16311 7
16314 15
16316 10
16319 2
16322 5
16323 7
16329 7
16333 2
16334 5
16339 2
16342 5
16347 7
16349 2
16355 12
16358 5
16361 2
16363 2
16364 10
16369 2
16372 10
16374 15
16381 2
16382 5
16386 15
16396 10
16411 2
16413 7
16417 2
16418 4
16421 2
16427 2
16431 7
16433 2
16437 7
16438 4
16442 4
16444 9
16447 2
16449 7
16451 2
16453 2
16462 4
16466 4
16474 4
16477 2
16481 2
16486 4
16487 2
16493 2
16495 12
16503 7
16505 12
16508 9
16509 7
16516 9
16519 2
16521 7
16526 4
16529 2
16532 9
16535 12
16538 4
16546 4
16547 2
16553 2
16556 9
16557 7
16561 2
16563 7
16565 12
16567 2
16573 2
16574 4
16581 7
16582 4
16586 4
16593 7
16594 4
16595 12
16603 2
16607 2
16612 9
16615 12
16619 2
16622 4
16628 9
16631 2
16633 2
16634 4
16636 9
16645 12
16649 2
16651 2
16655 12
16657 2
16658 4
16661 2
16671 7
16673 2
16689 7
16691 2
16693 2
16699 2
16703 2
16706 4
16707 7
16708 9
16715 12
16719 7
16726 4
16729 2
16735 12
16738 4
16741 2
16743 7
16747 2
16754 4
16759 2
16763 2
16773 7
16774 4
16778 4
16787 2
16795 12
16804 9
16805 12
16811 2
16823 2
16829 2
16831 2
16838 4
16843 2
16844 9
16846 4
16855 12
16858 4
16862 4
16865 12
16868 9
16869 7
16871 2
16876 9
16879 2
16883 2
16886 4
16889 2
16894 4
16901 2
16903 2
16916 9
16917 7
16921 2
16922 4
16923 7
16924 9
16927 2
16931 2
16934 4
16937 2
16941 7
16943 2
16945 12
16953 7
16955 12
16959 7
16963 2
16964 9
16971 7
16972 9
16977 7
16979 2
16981 2
16987 2
16993 2
17002 4
17007 7
17011 2
17012 9
17021 2
17026 4
17027 2
17029 2
17033 2
17035 12
17036 9
17041 2
17042 4
17044 9
17047 2
17049 7
17053 2
17054 4
17065 12
17067 7
17074 4
17077 2
17078 4
17079 7
17084 9
17086 4
17092 9
17093 2
17099 2
17103 7
17107 2
17117 2
17123 2
17126 4
17132 9
17133 7
17137 2
17146 4
17151 7
17156 9
17159 2
17162 4
17167 2
17183 2
17188 9
17189 2
17191 2
17194 4
17198 4
17203 2
17207 2
17209 2
17211 7
17218 4
17223 7
17229 7
17231 2
17239 2
17246 4
17247 7
17254 4
17257 2
17258 4
17282 4
17291 2
17293 2
17294 4
17299 2
17308 9
17317 2
17321 2
17326 4
17327 2
17333 2
17337 7
17338 4
17341 2
17348 9
17349 7
17351 2
17354 4
17356 9
17359 2
17362 4
17373 7
17377 2
17378 4
17383 2
17386 4
17387 2
17389 2
17393 2
17396 9
17398 4
17401 2
17403 7
17414 4
17417 2
17419 2
17421 7
17426 4
17428 9
17431 2
17438 4
17439 7
17443 2
17449 2
17452 9
17462 4
17463 7
17467 2
17471 2
17474 4
17477 2
17481 7
17482 4
17483 2
17489 2
17491 2
17492 9
17494 4
17497 2
17506 4
17509 2
17517 7
17519 2
17522 4
17529 7
17539 2
17547 7
17551 2
17553 7
17558 4
17564 9
17566 4
17569 2
17571 7
17573 2
17579 2
17581 2
17583 6
17588 9
17597 2
17599 2
17601 6
17606 4
17607 6
17609 2
17614 4
17623 2
17627 2
17636 9
17637 6
17638 4
17642 4
17643 6
17657 2
17659 2
17662 4
17669 2
17674 4
17678 4
17681 2
17683 2
17684 9
17691 6
17692 9
17698 4
17707 2
17709 6
17713 2
17722 4
17726 4
17729 2
17734 4
17737 2
17747 2
17749 2
17761 2
17764 9
17769 6
17774 4
17781 6
17783 2
17786 4
17788 9
17789 2
17791 2
17804 9
17807 2
17817 6
17827 2
17828 9
17837 2
17839 2
17846 4
17851 2
17852 9
17858 4
17859 6
17863 2
17866 4
17881 2
17882 4
17891 2
17902 4
17903 2
17909 2
17911 2
17921 2
17923 2
17924 9
17926 4
17929 2
17932 9
17938 4
17939 2
17942 4
17943 6
17957 2
17959 2
17961 6
17971 2
17972 9
17977 2
17981 2
17987 2
17989 2
17998 4
18002 4
18013 2
18014 4
18021 6
18022 4
18026 4
18028 9
18033 6
18041 2
18043 2
18047 2
18049 2
18052 9
18058 4
18059 2
18061 2
18068 9
18076 9
18077 2
18082 4
18086 4
18087 6
18089 2
18092 9
18097 2
18098 4
18111 6
18118 4
18119 2
18121 2
18127 2
18129 6
18131 2
18133 2
18134 4
18141 6
18143 2
18149 2
18159 6
18169 2
18181 2
18182 4
18188 9
18191 2
18196 9
18199 2
18201 6
18206 4
18211 2
18217 2
18218 4
18219 6
18223 2
18229 2
18233 2
18237 6
18251 2
18253 2
18254 4
18257 2
18266 4
18267 6
18269 2
18273 6
18274 4
18287 2
18289 2
18301 2
18302 4
18303 6
18307 2
18311 2
18313 2
18314 4
18322 4
18329 2
18339 6
18341 2
18346 4
18353 2
18362 4
18363 6
18367 2
18371 2
18374 4
18379 2
18393 6
18397 2
18398 4
18399 6
18401 2
18406 4
18413 2
18418 4
18427 2
18429 6
18433 2
18439 2
18442 4
18443 2
18451 2
18453 6
18454 4
18457 2
18461 2
18478 4
18481 2
18482 4
18489 6
18493 2
18503 2
18514 4
18517 2
18519 6
18521 2
18523 2
18539 2
18541 2
18553 2
18554 4
18562 4
18566 4
18583 2
18586 4
18587 2
18591 6
18593 2
18597 6
18609 6
18617 2
18622 4
18633 6
18637 2
18638 4
18646 4
18651 6
18661 2
18663 6
18671 2
18674 4
18679 2
18682 4
18686 4
18687 6
18691 2
18698 4
18701 2
18713 2
18719 2
18731 2
18741 6
18742 4
18743 2
18749 2
18754 4
18757 2
18771 6
18773 2
18782 4
18787 2
18789 6
18793 2
18794 4
18797 2
18803 2
18806 4
18807 6
18813 6
18826 4
18831 6
18838 4
18839 2
18842 4
18859 2
18861 6
18862 4
18866 4
18869 2
18874 4
18878 4
18897 6
18899 2
18903 6
18911 2
18913 2
18917 2
18919 2
18922 4
18926 4
18933 6
18934 4
18946 4
18947 2
18951 6
18958 4
18959 2
18969 6
18973 2
18979 2
18982 4
18987 6
18994 4
19001 2
19009 2
19011 6
19013 2
19022 4
19029 6
19031 2
19037 2
19042 4
19051 2
19059 6
19066 4
19069 2
19073 2
19077 6
19078 4
19079 2
19081 2
19083 6
19087 2
19094 4
19101 6
19102 4
19119 6
19121 2
19137 6
19139 2
19141 2
19157 2
19163 2
19167 6
19174 4
19181 2
19183 2
19191 6
19202 4
19207 2
19211 2
19213 2
19219 2
19226 4
19231 2
19237 2
19238 4
19246 4
19249 2
19258 4
19259 2
19262 4
19263 6
19267 2
19273 2
19281 6
19286 4
19289 2
19298 4
19301 2
19309 2
19319 2
19322 4
19333 2
19347 6
19353 6
19354 4
19358 4
19373 2
19378 4
19379 2
19381 2
19387 2
19391 2
19394 4
19403 2
19407 6
19417 2
19419 6
19421 2
19423 2
19427 2
19429 2
19433 2
19438 4
19441 2
19442 4
19443 6
19447 2
19457 2
19463 2
19466 4
19469 2
19471 2
19473 6
19477 2
19478 4
19483 2
19486 4
19489 2
19498 4
19501 2
19507 2
19531 2
19534 4
19538 4
19541 2
19543 2
19553 2
19559 2
19562 4
19563 6
19571 2
19574 4
19577 2
19582 4
19583 2
19587 6
19597 2
19603 2
19606 4
19609 2
19622 4
19634 4
19641 6
19653 6
19658 4
19659 6
19661 2
19666 4
19678 4
19681 2
19687 2
19689 6
19697 2
19699 2
19702 4
19707 6
19709 2
19713 6
19714 4
19717 2
19718 4
19727 2
19731 6
19739 2
19742 4
19743 6
19751 2
19753 2
19759 2
19763 2
19766 4
19774 4
19777 2
19793 2
19797 6
19801 2
19802 4
19813 2
19814 4
19819 2
19821 6
19841 2
19843 2
19846 4
19853 2
19857 6
19858 4
19861 2
19862 4
19867 2
19882 4
19889 2
19891 2
19898 4
19911 6
19913 2
19919 2
19927 2
19934 4
19937 2
19946 4
19949 2
19959 6
19961 2
19963 2
19973 2
19977 6
19979 2
19983 6
19991 2
19993 2
19997 2
20011 2
20014 4
20018 4
20019 6
20021 2
20023 2
20029 2
20037 6
20047 2
20051 2
20063 2
20067 6
20071 2
20073 6
20074 4
20078 4
20089 2
20101 2
20103 6
20107 2
20109 6
20113 2
20117 2
20122 4
20123 2
20127 6
20129 2
20134 4
20138 4
20143 2
20147 2
20149 2
20157 6
20158 4
20161 2
20173 2
20177 2
20182 4
20183 2
20186 4
20198 4
20199 6
20201 2
20206 4
20211 6
20219 2
20222 4
20231 2
20233 2
20249 2
20261 2
20266 4
20269 2
20278 4
20282 4
20283 6
20287 2
20289 6
20297 2
20302 4
20318 4
20323 2
20326 4
20327 2
20333 2
20337 6
20338 4
20341 2
20343 6
20347 2
20353 2
20354 4
20357 2
20359 2
20362 4
20369 2
20373 6
20379 6
20386 4
20389 2
20393 2
20399 2
20407 2
20409 6
20411 2
20422 4
20431 2
20441 2
20443 2
20446 4
20469 6
20477 2
20479 2
20481 6
20483 2
20486 4
20487 6
20494 4
20499 6
20506 3
20507 1
20509 1
20518 3
20521 1
20533 1
20534 3
20542 3
20543 1
20546 3
20549 1
20551 1
20563 1
20578 3
20593 1
20599 1
20602 3
20606 3
20611 1
20626 3
20627 1
20639 1
20641 1
20642 3
20662 3
20663 1
20666 3
20674 3
20681 1
20686 3
20693 1
20707 1
20714 3
20717 1
20719 1
20731 1
20738 3
20743 1
20747 1
20749 1
20753 1
20759 1
20771 1
20773 1
20782 3
20789 1
20798 3
20807 1
20809 1
20849 1
20854 3
20857 1
20858 3
20866 3
20873 1
20879 1
20887 1
20897 1
20899 1
20903 1
20906 3
20914 3
20918 3
20921 1
20926 3
20929 1
20939 1
20947 1
20954 3
20959 1
20963 1
20974 3
20981 1
20983 1
20998 3
21001 1
21002 3
21011 1
21013 1
21017 1
21019 1
21023 1
21026 3
21031 1
21058 3
21059 1
21061 1
21062 3
21067 1
21089 1
21101 1
21107 1
21118 3
21121 1
21134 3
21139 1
21143 1
21149 1
21157 1
21163 1
21169 1
21178 3
21179 1
21187 1
21191 1
21193 1
21194 3
21202 3
21211 1
21214 3
21221 1
21226 3
21227 1
21247 1
21254 3
21262 3
21269 1
21277 1
21278 3
21283 1
21302 3
21313 1
21314 3
21317 1
21319 1
21323 1
21326 3
21334 3
21341 1
21347 1
21374 3
21377 1
21379 1
21382 3
21383 1
21391 1
21397 1
21401 1
21407 1
21418 3
21419 1
21422 3
21433 1
21446 3
21458 3
21466 3
21467 1
21478 3
21481 1
21487 1
21491 1
21493 1
21499 1
21503 1
21506 3
21517 1
21521 1
21523 1
21529 1
21542 3
21557 1
21559 1
21562 3
21563 1
21569 1
21577 1
21578 3
21587 1
21589 1
21598 3
21599 1
21601 1
21611 1
21613 1
21617 1
21647 1
21649 1
21661 1
21662 3
21673 1
21674 3
21683 1
21694 3
21701 1
21706 3
21713 1
21718 3
21722 3
21727 1
21734 3
21737 1
21739 1
21751 1
21757 1
21766 3
21767 1
21773 1
21778 3
21782 3
21787 1
21799 1
21803 1
21806 3
21817 1
21818 3
21821 1
21839 1
21841 1
21851 1
21859 1
21863 1
21871 1
21874 3
21878 3
21881 1
21893 1
21898 3
21911 1
21914 3
21929 1
21937 1
21943 1
21946 3
21958 3
21961 1
21974 3
21977 1
21986 3
21991 1
21997 1
22003 1
22006 3
22013 1
22027 1
22031 1
22037 1
22039 1
22051 1
22054 3
22063 1
22067 1
22073 1
22079 1
22091 1
22093 1
22094 3
22109 1
22111 1
22114 3
22118 3
22123 1
22129 1
22133 1
22138 3
22142 3
22147 1
22153 1
22157 1
22159 1
22166 3
22171 1
22174 3
22186 3
22189 1
22193 1
22226 3
22229 1
22234 3
22238 3
22247 1
22259 1
22262 3
22271 1
22273 1
22277 1
22279 1
22283 1
22291 1
22298 3
22303 1
22307 1
22318 3
22322 3
22342 3
22343 1
22346 3
22349 1
22354 3
22367 1
22369 1
22381 1
22391 1
22394 3
22397 1
22409 1
22426 3
22433 1
22441 1
22447 1
22453 1
22469 1
22478 3
22481 1
22483 1
22486 3
22501 1
22502 3
22511 1
22514 3
22522 3
22531 1
22541 1
22543 1
22546 3
22549 1
22558 3
22567 1
22571 1
22573 1
22574 3
22598 3
22613 1
22619 1
22621 1
22622 3
22634 3
22637 1
22639 1
22642 3
22643 1
22651 1
22658 3
22669 1
22679 1
22691 1
22697 1
22699 1
22702 3
22706 3
22709 1
22717 1
22721 1
22727 1
22738 3
22739 1
22741 1
22751 1
22766 3
22769 1
22777 1
22783 1
22786 3
22787 1
22798 3
22807 1
22811 1
22817 1
22822 3
22846 3
22853 1
22859 1
22861 1
22871 1
22874 3
22877 1
22886 3
22894 3
22901 1
22907 1
22921 1
22934 3
22937 1
22942 3
22943 1
22961 1
22963 1
22966 3
22973 1
22978 3
22982 3
22993 1
22994 3
23003 1
23006 3
23011 1
23017 1
23021 1
23027 1
23029 1
23038 3
23039 1
23041 1
23053 1
23054 3
23057 1
23059 1
23063 1
23071 1
23081 1
23087 1
23098 3
23099 1
23102 3
23117 1
23131 1
23143 1
23158 3
23159 1
23167 1
23173 1
23174 3
23186 3
23189 1
23194 3
23197 1
23201 1
23203 1
23209 1
23227 1
23234 3
23242 3
23251 1
23266 3
23269 1
23279 1
23291 1
23293 1
23297 1
23311 1
23314 3
23321 1
23327 1
23333 1
23339 1
23354 3
23357 1
23362 3
23369 1
23371 1
23378 3
23398 3
23399 1
23402 3
23417 1
23431 1
23434 3
23438 3
23447 1
23459 1
23462 3
23473 1
23486 3
23497 1
23509 1
23531 1
23537 1
23539 1
23549 1
23554 3
23557 1
23558 3
23561 1
23563 1
23566 3
23567 1
23578 3
23581 1
23593 1
23599 1
23602 3
23603 1
23609 1
23614 3
23623 1
23626 3
23627 1
23629 1
23633 1
23642 3
23654 3
23662 3
23663 1
23666 3
23669 1
23671 1
23677 1
23678 3
23687 1
23689 1
23719 1
23726 3
23734 3
23741 1
23743 1
23747 1
23753 1
23761 1
23767 1
23773 1
23774 3
23789 1
23794 3
23801 1
23806 3
23813 1
23818 3
23819 1
23827 1
23831 1
23833 1
23846 3
23854 3
23857 1
23866 3
23869 1
23873 1
23878 3
23879 1
23882 3
23887 1
23893 1
23899 1
23906 3
23909 1
23911 1
23917 1
23918 3
23929 1
23938 3
23942 3
23957 1
23962 3
23971 1
23974 3
23977 1
23981 1
23993 1
24001 1
24007 1
24014 3
24019 1
24022 3
24023 1
24029 1
24043 1
24049 1
24061 1
24071 1
24074 3
24077 1
24082 3
24083 1
24086 3
24091 1
24097 1
24098 3
24103 1
24107 1
24109 1
24113 1
24121 1
24133 1
24137 1
24142 3
24146 3
24151 1
24169 1
24179 1
24181 1
24194 3
24197 1
24202 3
24203 1
24214 3
24218 3
24223 1
24226 3
24229 1
24238 3
24239 1
24247 1
24251 1
24281 1
24286 3
24298 3
24314 3
24317 1
24322 3
24326 3
24329 1
24337 1
24359 1
24371 1
24373 1
24379 1
24391 1
24394 3
24406 3
24407 1
24413 1
24419 1
24421 1
24422 3
24439 1
24443 1
24454 3
24469 1
24473 1
24478 3
24481 1
24482 3
24499 1
24502 3
24506 3
24509 1
24517 1
24526 3
24527 1
24533 1
24538 3
24547 1
24551 1
24554 3
24562 3
24571 1
24578 3
24593 1
24602 3
24611 1
24623 1
24631 1
24646 3
24658 3
24659 1
24671 1
24677 1
24683 1
24686 3
24691 1
24694 3
24697 1
24709 1
24733 1
24746 3
24749 1
24754 3
24758 3
24763 1
24767 1
24781 1
24782 3
24793 1
24799 1
24802 3
24809 1
24818 3
24821 1
24826 3
24841 1
24842 3
24847 1
24851 1
24859 1
24866 3
24874 3
24877 1
24889 1
24902 3
24907 1
24914 3
24917 1
24919 1
24923 1
24943 1
24946 3
24953 1
24958 3
24967 1
24971 1
24974 3
24977 1
24979 1
24982 3
24989 1
24994 3
25006 3
25013 1
25022 3
25031 1
25033 1
25034 3
25037 1
25054 3
25057 1
25073 1
25078 3
25082 3
25087 1
25094 3
25097 1
25106 3
25111 1
25117 1
25121 1
25127 1
25138 3
25147 1
25153 1
25154 3
25163 1
25166 3
25169 1
25171 1
25178 3
25183 1
25189 1
25202 3
25219 1
25222 3
25226 3
25229 1
25237 1
25238 3
25243 1
25247 1
25253 1
25261 1
25274 3
25282 3
25294 3
25301 1
25303 1
25306 3
25307 1
25309 1
25318 3
25321 1
25339 1
25342 3
25343 1
25349 1
25357 1
25367 1
25373 1
25378 3
25391 1
25394 3
25406 3
25409 1
25411 1
25423 1
25426 3
25439 1
25442 3
25447 1
25453 1
25457 1
25463 1
25469 1
25471 1
25478 3
25486 3
25514 3
25523 1
25526 3
25537 1
25541 1
25561 1
25562 3
25577 1
25579 1
25582 3
25583 1
25589 1
25598 3
25601 1
25603 1
25609 1
25618 3
25621 1
25633 1
25639 1
25642 3
25643 1
25646 3
25657 1
25658 3
25667 1
25673 1
25679 1
25682 3
25693 1
25703 1
25706 3
25717 1
25733 1
25741 1
25747 1
25759 1
25763 1
25771 1
25778 3
25786 3
25793 1
25798 3
25799 1
25801 1
25814 3
25819 1
25822 3
25834 3
25838 3
25841 1
25846 3
25847 1
25849 1
25867 1
25873 1
25882 3
25889 1
25903 1
25906 3
25913 1
25918 3
25919 1
25931 1
25933 1
25934 3
25939 1
25943 1
25946 3
25951 1
25958 3
25966 3
25969 1
25981 1
25997 1
25999 1
26002 3
26003 1
26006 3
26014 3
26017 1
26018 3
26021 1
26029 1
26041 1
26053 1
26066 3
26074 3
26083 1
26086 3
26098 3
26099 1
26107 1
26111 1
26113 1
26119 1
26126 3
26141 1
26153 1
26161 1
26171 1
26177 1
26183 1
26186 3
26189 1
26198 3
26203 1
26206 3
26209 1
26218 3
26227 1
26237 1
26242 3
26249 1
26251 1
26254 3
26261 1
26263 1
26267 1
26293 1
26294 3
26297 1
26302 3
26309 1
26317 1
26318 3
26321 1
26326 3
26339 1
26342 3
26347 1
26354 3
26357 1
26366 3
26371 1
26374 3
26387 1
26393 1
26399 1
26407 1
26417 1
26423 1
26431 1
26434 3
26437 1
26438 3
26449 1
26458 3
26459 1
26479 1
26482 3
26489 1
26497 1
26498 3
26501 1
26513 1
26518 3
26534 3
26539 1
26557 1
26561 1
26573 1
26582 3
26591 1
26594 3
26597 1
26618 3
26626 3
26627 1
26633 1
26641 1
26647 1
26654 3
26662 3
26669 1
26674 3
26678 3
26681 1
26683 1
26687 1
26693 1
26699 1
26701 1
26711 1
26713 1
26717 1
26723 1
26729 1
26731 1
26734 3
26737 1
26759 1
26762 3
26777 1
26783 1
26794 3
26798 3
26801 1
26813 1
26821 1
26822 3
26833 1
26834 3
26839 1
26842 3
26849 1
26861 1
26863 1
26879 1
26881 1
26882 3
26891 1
26893 1
26902 3
26903 1
26914 3
26921 1
26926 3
26927 1
26938 3
26947 1
26951 1
26953 1
26954 3
26959 1
26974 3
26981 1
26987 1
26993 1
26998 3
27011 1
27017 1
27026 3
27031 1
27043 1
27046 3
27059 1
27061 1
27067 1
27073 1
27074 3
27077 1
27091 1
27103 1
27106 3
27107 1
27109 1
27127 1
27134 3
27143 1
27154 3
27179 1
27182 3
27191 1
27194 3
27197 1
27211 1
27226 3
27238 3
27239 1
27241 1
27253 1
27254 3
27259 1
27266 3
27271 1
27277 1
27281 1
27283 1
27298 3
27299 1
27329 1
27337 1
27361 1
27367 1
27397 1
27407 1
27409 1
27427 1
27431 1
27437 1
27449 1
27457 1
27479 1
27481 1
27487 1
27509 1
27527 1
27529 1
27539 1
27541 1
27551 1
27581 1
27583 1
27611 1
27617 1
27631 1
27647 1
27653 1
27673 1
27689 1
27691 1
27697 1
27701 1
27733 1
27737 1
27739 1
27743 1
27749 1
27751 1
27763 1
27767 1
27773 1
27779 1
27791 1
27793 1
27799 1
27803 1
27809 1
27817 1
27823 1
27827 1
27847 1
27851 1
27883 1
27893 1
27901 1
27917 1
27919 1
27941 1
27943 1
27947 1
27953 1
27961 1
27967 1
27983 1
27997 1
28001 1
28019 1
28027 1
28031 1
28051 1
28057 1
28069 1
28081 1
28087 1
28097 1
28099 1
28109 1
28111 1
28123 1
28151 1
28163 1
28181 1
28183 1
28201 1
28211 1
28219 1
28229 1
28277 1
28279 1
28283 1
28289 1
28297 1
28307 1
28309 1
28319 1
28349 1
28351 1
28387 1
28393 1
28403 1
28409 1
28411 1
28429 1
28433 1
28439 1
28447 1
28463 1
28477 1
28493 1
28499 1
28513 1
28517 1
28537 1
28541 1
28547 1
28549 1
28559 1
28571 1
28573 1
28579 1
28591 1
28597 1
28603 1
28607 1
28619 1
28621 1
28627 1
28631 1
28643 1
28649 1
28657 1
28661 1
28663 1
28669 1
28687 1
28697 1
28703 1
28711 1
28723 1
28729 1
28751 1
28753 1
28759 1
28771 1
28789 1
28793 1
28807 1
28813 1
28817 1
28837 1
28843 1
28859 1
28867 1
28871 1
28879 1
28901 1
28909 1
28921 1
28927 1
28933 1
28949 1
28961 1
28979 1
29009 1
29017 1
29021 1
29023 1
29027 1
29033 1
29059 1
29063 1
29077 1
29101 1
29123 1
29129 1
29131 1
29137 1
29147 1
29153 1
29167 1
29173 1
29179 1
29191 1
29201 1
29207 1
29209 1
29221 1
29231 1
29243 1
29251 1
29269 1
29287 1
29297 1
29303 1
29311 1
29327 1
29333 1
29339 1
29347 1
29363 1
29383 1
29387 1
29389 1
29399 1
29401 1
29411 1
29423 1
29429 1
29437 1
29443 1
29453 1
29473 1
29483 1
29501 1
29527 1
29531 1
29537 1
29567 1
29569 1
29573 1
29581 1
29587 1
29599 1
29611 1
29629 1
29633 1
29641 1
29663 1
29669 1
29671 1
29683 1
29717 1
29723 1
29741 1
29753 1
29759 1
29761 1
29789 1
29803 1
29819 1
29833 1
29837 1
29851 1
29863 1
29867 1
29873 1
29879 1
29881 1
29917 1
29921 1
29927 1
29947 1
29959 1
29983 1
29989 1
30011 1
30013 1
30029 1
30047 1
30059 1
30071 1
30089 1
30091 1
30097 1
30103 1
30109 1
30113 1
30119 1
30133 1
30137 1
30139 1
30161 1
30169 1
30181 1
30187 1
30197 1
30203 1
30211 1
30223 1
30241 1
30253 1
30259 1
30269 1
30271 1
30293 1
30307 1
30313 1
30319 1
30323 1
30341 1
30347 1
30367 1
30389 1
30391 1
30403 1
30427 1
30431 1
30449 1
30467 1
30469 1
30491 1
30493 1
30497 1
30509 1
30517 1
30529 1
30539 1
30553 1
30557 1
30559 1
30577 1
30593 1
30631 1
30637 1
30643 1
30649 1
30661 1
30671 1
30677 1
30689 1
30697 1
30703 1
30707 1
30713 1
30727 1
30757 1
30763 1
30773 1
30781 1
30803 1
30809 1
30817 1
30829 1
30839 1
30841 1
30851 1
30853 1
30859 1
30869 1
30871 1
30881 1
30893 1
30911 1
30931 1
30937 1
30941 1
30949 1
30971 1
30977 1
30983 1
31013 1
31019 1
31033 1
31039 1
31051 1
31063 1
31069 1
31079 1
31081 1
31091 1
31121 1
31123 1
31139 1
31147 1
31151 1
31153 1
31159 1
31177 1
31181 1
31183 1
31189 1
31193 1
31219 1
31223 1
31231 1
31237 1
31247 1
31249 1
31253 1
31259 1
31267 1
31271 1
31277 1
31307 1
31319 1
31321 1
31327 1
31333 1
31337 1
31357 1
31379 1
31387 1
31391 1
31393 1
31397 1
31469 1
31477 1
31481 1
31489 1
31511 1
31513 1
31517 1
31531 1
31541 1
31543 1
31547 1
31567 1
31573 1
31583 1
31601 1
31607 1
31627 1
31643 1
31649 1
31657 1
31663 1
31667 1
31687 1
31699 1
31721 1
31723 1
31727 1
31729 1
31741 1
31751 1
31769 1
31771 1
31793 1
31799 1
31817 1
31847 1
31849 1
31859 1
31873 1
31883 1
31891 1
31907 1
31957 1
31963 1
31973 1
31981 1
31991 1
32003 1
32009 1
32027 1
32029 1
32051 1
32057 1
32059 1
32063 1
32069 1
32077 1
32083 1
32089 1
32099 1
32117 1
32119 1
32141 1
32143 1
32159 1
32173 1
32183 1
32189 1
32191 1
32203 1
32213 1
32233 1
32237 1
32251 1
32257 1
32261 1
32297 1
32299 1
32303 1
32309 1
32321 1
32323 1
32327 1
32341 1
32353 1
32359 1
32363 1
32369 1
32371 1
32377 1
32381 1
32401 1
32411 1
32413 1
32423 1
32429 1
32441 1
32443 1
32467 1
32479 1
32491 1
32497 1
32503 1
32507 1
32531 1
32533 1
32537 1
32561 1
32563 1
32569 1
32573 1
32579 1
32587 1
32603 1
32609 1
32611 1
32621 1
32633 1
32647 1
32653 1
32687 1
32693 1
32707 1
32713 1
32717 1
32719 1
32749 1
32771 1
32779 1
32783 1
32789 1
32797 1
32801 1
32803 1
32831 1
32833 1
32839 1
32843 1
32869 1
32887 1
32909 1
32911 1
32917 1
32933 1
32939 1
32941 1
32957 1
32969 1
32971 1
32983 1
32987 1
32993 1
32999 1
33013 1
33023 1
33029 1
33037 1
33049 1
33053 1
33071 1
33073 1
33083 1
33091 1
33107 1
33113 1
33119 1
33149 1
33151 1
33161 1
33179 1
33181 1
33191 1
33199 1
33203 1
33211 1
33223 1
33247 1
33287 1
33289 1
33301 1
33311 1
33317 1
33329 1
33331 1
33343 1
33347 1
33349 1
33353 1
33359 1
33377 1
33391 1
33403 1
33409 1
33413 1
33427 1
33457 1
33461 1
33469 1
33479 1
33487 1
33493 1
33503 1
33521 1
33529 1
33533 1
33547 1
33563 1
33569 1
33577 1
33581 1
33587 1
33589 1
33599 1
33601 1
33613 1
33617 1
33619 1
33623 1
33629 1
33637 1
33641 1
33647 1
33679 1
33703 1
33713 1
33721 1
33739 1
33749 1
33751 1
33757 1
33767 1
33769 1
33773 1
33791 1
33797 1
33809 1
33811 1
33827 1
33829 1
33851 1
33857 1
33863 1
33871 1
33889 1
33893 1
33911 1
33923 1
33931 1
33937 1
33941 1
33961 1
33967 1
33997 1
34019 1
34031 1
34033 1
34039 1
34057 1
34061 1
34123 1
34127 1
34129 1
34141 1
34147 1
34157 1
34159 1
34171 1
34183 1
34211 1
34213 1
34217 1
34231 1
34253 1
34259 1
34261 1
34267 1
34273 1
34283 1
34297 1
34301 1
34303 1
34313 1
34319 1
34327 1
34337 1
34351 1
34361 1
34367 1
34369 1
34381 1
34403 1
34421 1
34429 1
34439 1
34457 1
34469 1
34471 1
34483 1
34487 1
34499 1
34501 1
34511 1
34513 1
34519 1
34537 1
34543 1
34549 1
34583 1
34589 1
34591 1
34603 1
34607 1
34613 1
34631 1
34649 1
34651 1
34667 1
34673 1
34679 1
34687 1
34693 1
34703 1
34721 1
34729 1
34739 1
34747 1
34757 1
34759 1
34763 1
34781 1
34807 1
34819 1
34841 1
34843 1
34847 1
34849 1
34871 1
34877 1
34883 1
34897 1
34913 1
34919 1
34939 1
34949 1
34961 1
34963 1
34981 1
35023 1
35027 1
35051 1
35053 1
35059 1
35069 1
35081 1
35083 1
35089 1
35099 1
35107 1
35111 1
35117 1
35129 1
35141 1
35149 1
35153 1
35159 1
35171 1
35201 1
35221 1
35227 1
35251 1
35257 1
35267 1
35279 1
35281 1
35291 1
35311 1
35317 1
35323 1
35327 1
35339 1
35353 1
35363 1
35381 1
35393 1
35401 1
35407 1
35419 1
35423 1
35437 1
35447 1
35449 1
35461 1
35491 1
35507 1
35509 1
35521 1
35527 1
35531 1
35533 1
35537 1
35543 1
35569 1
35573 1
35591 1
35593 1
35597 1
35603 1
35617 1
35671 1
35677 1
35729 1
35731 1
35747 1
35753 1
35759 1
35771 1
35797 1
35801 1
35803 1
35809 1
35831 1
35837 1
35839 1
35851 1
35863 1
35869 1
35879 1
35897 1
35899 1
35911 1
35923 1
35933 1
35951 1
35963 1
35969 1
35977 1
35983 1
35993 1
35999 1
36007 1
36011 1
36013 1
36017 1
36037 1
36061 1
36067 1
36073 1
36083 1
36097 1
36107 1
36109 1
36131 1
36137 1
36151 1
36161 1
36187 1
36191 1
36209 1
36217 1
36229 1
36241 1
36251 1
36263 1
36269 1
36277 1
36293 1
36299 1
36307 1
36313 1
36319 1
36341 1
36343 1
36353 1
36373 1
36383 1
36389 1
36433 1
36451 1
36457 1
36467 1
36469 1
36473 1
36479 1
36493 1
36497 1
36523 1
36527 1
36529 1
36541 1
36551 1
36559 1
36563 1
36571 1
36583 1
36587 1
36599 1
36607 1
36629 1
36637 1
36643 1
36653 1
36671 1
36677 1
36683 1
36691 1
36697 1
36709 1
36713 1
36721 1
36739 1
36749 1
36761 1
36767 1
36779 1
36781 1
36787 1
36791 1
36793 1
36809 1
36821 1
36833 1
36847 1
36857 1
36871 1
36877 1
36887 1
36899 1
36901 1
36913 1
36919 1
36923 1
36929 1
36931 1
36943 1
36947 1
36973 1
36979 1
36997 1
37003 1
37013 1
37019 1
37021 1
37039 1
37049 1
37057 1
37061 1
37087 1
37097 1
37117 1
37123 1
37139 1
37159 1
37171 1
37181 1
37189 1
37199 1
37201 1
37217 1
37223 1
37243 1
37253 1
37273 1
37277 1
37307 1
37309 1
37313 1
37321 1
37337 1
37339 1
37357 1
37361 1
37363 1
37369 1
37379 1
37397 1
37409 1
37423 1
37441 1
37447 1
37463 1
37483 1
37489 1
37493 1
37501 1
37507 1
37511 1
37517 1
37529 1
37537 1
37547 1
37549 1
37561 1
37567 1
37571 1
37573 1
37579 1
37589 1
37591 1
37607 1
37619 1
37633 1
37643 1
37649 1
37657 1
37663 1
37691 1
37693 1
37699 1
37717 1
37747 1
37781 1
37783 1
37799 1
37811 1
37813 1
37831 1
37847 1
37853 1
37861 1
37871 1
37879 1
37889 1
37897 1
37907 1
37951 1
37957 1
37963 1
37967 1
37987 1
37991 1
37993 1
37997 1
38011 1
38039 1
38047 1
38053 1
38069 1
38083 1
38113 1
38119 1
38149 1
38153 1
38167 1
38177 1
38183 1
38189 1
38197 1
38201 1
38219 1
38231 1
38237 1
38239 1
38261 1
38273 1
38281 1
38287 1
38299 1
38303 1
38317 1
38321 1
38327 1
38329 1
38333 1
38351 1
38371 1
38377 1
38393 1
38431 1
38447 1
38449 1
38453 1
38459 1
38461 1
38501 1
38543 1
38557 1
38561 1
38567 1
38569 1
38593 1
38603 1
38609 1
38611 1
38629 1
38639 1
38651 1
38653 1
38669 1
38671 1
38677 1
38693 1
38699 1
38707 1
38711 1
38713 1
38723 1
38729 1
38737 1
38747 1
38749 1
38767 1
38783 1
38791 1
38803 1
38821 1
38833 1
38839 1
38851 1
38861 1
38867 1
38873 1
38891 1
38903 1
38917 1
38921 1
38923 1
38933 1
38953 1
38959 1
38971 1
38977 1
38993 1
39019 1
39023 1
39041 1
39043 1
39047 1
39079 1
39089 1
39097 1
39103 1
39107 1
39113 1
39119 1
39133 1
39139 1
39157 1
39161 1
39163 1
39181 1
39191 1
39199 1
39209 1
39217 1
39227 1
39229 1
39233 1
39239 1
39241 1
39251 1
39293 1
39301 1
39313 1
39317 1
39323 1
39341 1
39343 1
39359 1
39367 1
39371 1
39373 1
39383 1
39397 1
39409 1
39419 1
39439 1
39443 1
39451 1
39461 1
39499 1
39503 1
39509 1
39511 1
39521 1
39541 1
39551 1
39563 1
39569 1
39581 1
39607 1
39619 1
39623 1
39631 1
39659 1
39667 1
39671 1
39679 1
39703 1
39709 1
39719 1
39727 1
39733 1
39749 1
39761 1
39769 1
39779 1
39791 1
39799 1
39821 1
39827 1
39829 1
39839 1
39841 1
39847 1
39857 1
39863 1
39869 1
39877 1
39883 1
39887 1
39901 1
39929 1
39937 1
39953 1
39971 1
39979 1
39983 1
39989 1
40009 1
40013 1
40031 1
40037 1
40039 1
40063 1
40087 1
40093 1
40099 1
40111 1
40123 1
40127 1
40129 1
40151 1
40153 1
40163 1
40169 1
40177 1
40189 1
40193 1
40213 1
40231 1
40237 1
40241 1
40253 1
40277 1
40283 1
40289 1
40343 1
40351 1
40357 1
40361 1
40387 1
40423 1
40427 1
40429 1
40433 1
40459 1
40471 1
40483 1
40487 1
40493 1
40499 1
40507 1
40519 1
40529 1
40531 1
40543 1
40559 1
40577 1
40583 1
40591 1
40597 1
40609 1
40627 1
40637 1
40639 1
40693 1
40697 1
40699 1
40709 1
40739 1
40751 1
40759 1
40763 1
40771 1
40787 1
40801 1
40813 1
40819 1
40823 1
40829 1
40841 1
40847 1
40849 1
40853 1
40867 1
40879 1
40883 1
40897 1
40903 1
40927 1
40933 1
40939 1
40949 1
40961 1
40973 1
40993 1
14872 1
CERTIFICATE
2 0.072727272728
3 0.115454545455
5 0.169090909091
7 0.204242424243
11 0.251818181819
13 0.269090909091
17 0.297575757576
19 0.309090909091
23 0.329090909091
29 0.353636363637
31 0.360606060607
37 0.379090909091
41 0.389393939394
43 0.394545454546
47 0.403636363637
53 0.417272727273
59 0.428181818182
61 0.430909090910
67 0.441515151516
71 0.446363636364
73 0.450909090910
79 0.458181818182
83 0.463636363637
89 0.471212121213
97 0.480909090910
101 0.484242424243
103 0.486666666667
107 0.490909090910
109 0.492121212122
113 0.496363636364
127 0.508181818182
131 0.511212121213
137 0.516363636364
139 0.517272727273
149 0.525454545455
151 0.526666666667
157 0.530000000001
163 0.534848484849
167 0.537878787879
173 0.540000000000
179 0.543939393940
181 0.545454545455
191 0.550909090910
193 0.553636363637
197 0.553939393940
199 0.555454545455
211 0.561818181819
223 0.566666666667
227 0.569090909091
229 0.570000000000
233 0.571818181819
239 0.573636363637
241 0.575454545455
251 0.579090909091
257 0.580909090910
263 0.585454545455
269 0.586969696970
271 0.586969696970
277 0.589090909091
281 0.591515151516
283 0.591515151516
293 0.596363636364
307 0.600000000000
311 0.602727272728
313 0.602727272728
317 0.602727272728
331 0.607575757576
337 0.610606060607
347 0.612727272728
349 0.612727272728
353 0.615454545455
359 0.615454545455
367 0.618181818182
373 0.620909090910
379 0.620909090910
383 0.623636363637
389 0.623636363637
397 0.626666666667
401 0.626666666667
409 0.629696969697
419 0.632727272728
421 0.632727272728
431 0.636363636364
433 0.636363636364
439 0.636363636364
443 0.639393939394
449 0.639393939394
457 0.642727272728
461 0.642727272728
463 0.642727272728
467 0.642727272728
479 0.646363636364
487 0.646363636364
491 0.650303030304
499 0.650303030304
503 0.650303030304
509 0.653636363637
521 0.653636363637
523 0.653636363637
541 0.658181818182
547 0.661818181819
557 0.661818181819
563 0.661818181819
569 0.661818181819
571 0.666363636364
577 0.666363636364
587 0.666363636364
593 0.666363636364
599 0.670909090910
601 0.670909090910
607 0.670909090910
613 0.670909090910
617 0.670909090910
619 0.670909090910
631 0.675454545455
641 0.675454545455
643 0.675454545455
647 0.675454545455
653 0.680303030304
659 0.680303030304
661 0.680303030304
673 0.680303030304
677 0.680303030304
683 0.680303030304
691 0.685454545455
701 0.685454545455
709 0.685454545455
719 0.685454545455
727 0.690909090910
733 0.690909090910
739 0.690909090910
743 0.690909090910
751 0.690909090910
757 0.690909090910
761 0.696363636364
769 0.696363636364
773 0.696363636364
787 0.696363636364
797 0.696363636364
809 0.702424242425
811 0.702424242425
821 0.702424242425
823 0.702424242425
827 0.702424242425
829 0.702424242425
839 0.702424242425
853 0.702424242425
857 0.709090909091
859 0.709090909091
863 0.709090909091
877 0.709090909091
881 0.709090909091
883 0.709090909091
887 0.709090909091
907 0.709090909091
911 0.709090909091
919 0.715454545455
929 0.715454545455
937 0.715454545455
941 0.715454545455
947 0.715454545455
953 0.715454545455
967 0.715454545455
971 0.715454545455
977 0.723030303031
983 0.723030303031
991 0.723030303031
997 0.723030303031
1009 0.723030303031
1013 0.723030303031
1019 0.723030303031
1021 0.723030303031
1031 0.723030303031
1033 0.723030303031
1039 0.723030303031
1049 0.723030303031
1051 0.723030303031
1061 0.730909090910
1063 0.730909090910
1069 0.730909090910
1087 0.730909090910
1091 0.730909090910
1093 0.730909090910
1097 0.730909090910
1103 0.730909090910
1109 0.730909090910
1117 0.730909090910
1123 0.730909090910
1129 0.730909090910
1151 0.739090909091
1153 0.739090909091
1163 0.739090909091
1171 0.739090909091
1181 0.739090909091
1187 0.739090909091
1193 0.739090909091
1201 0.739090909091
1213 0.739090909091
1217 0.739090909091
1223 0.739090909091
1229 0.739090909091
1231 0.739090909091
1237 0.739090909091
1249 0.748181818182
1259 0.748181818182
1277 0.748181818182
1279 0.748181818182
1283 0.748181818182
1289 0.748181818182
1291 0.748181818182
1297 0.748181818182
1301 0.748181818182
1303 0.748181818182
1307 0.748181818182
1319 0.748181818182
1321 0.748181818182
1327 0.748181818182
1361 0.748181818182
1367 0.758181818182
1373 0.758181818182
1381 0.758181818182
1399 0.758181818182
1409 0.758181818182
1423 0.758181818182
1427 0.758181818182
1429 0.758181818182
1433 0.758181818182
1439 0.758181818182
1447 0.758181818182
1451 0.758181818182
1453 0.758181818182
1459 0.758181818182
1471 0.758181818182
1481 0.758181818182
1483 0.758181818182
1487 0.758181818182
1489 0.758181818182
1493 0.758181818182
1499 0.758181818182
1511 0.758181818182
1523 0.769090909091
1531 0.769090909091
1543 0.769090909091
1549 0.769090909091
1553 0.769090909091
1559 0.769090909091
1567 0.769090909091
1571 0.769090909091
1579 0.769090909091
1583 0.769090909091
1597 0.769090909091
1601 0.769090909091
1607 0.769090909091
1609 0.769090909091
1613 0.769090909091
1619 0.769090909091
1621 0.769090909091
1627 0.769090909091
1637 0.769090909091
1657 0.769090909091
1663 0.769090909091
1667 0.769090909091
1669 0.769090909091
1693 0.769090909091
1697 0.769090909091
1699 0.769090909091
1709 0.781818181819
1721 0.781818181819
1723 0.781818181819
1733 0.781818181819
1741 0.781818181819
1747 0.781818181819
1753 0.781818181819
1759 0.781818181819
1777 0.781818181819
1783 0.781818181819
1787 0.781818181819
1789 0.781818181819
1801 0.781818181819
1811 0.781818181819
1823 0.781818181819
1831 0.781818181819
1847 0.781818181819
1861 0.781818181819
1867 0.781818181819
1871 0.781818181819
1873 0.781818181819
1877 0.781818181819
1879 0.781818181819
1889 0.781818181819
1901 0.781818181819
1907 0.781818181819
1913 0.781818181819
1931 0.781818181819
1933 0.781818181819
1949 0.781818181819
1951 0.781818181819
1973 0.795757575758
1979 0.795757575758
1987 0.795757575758
1993 0.795757575758
1997 0.795757575758
1999 0.795757575758
2003 0.795757575758
2011 0.795757575758
2017 0.795757575758
2027 0.795757575758
2029 0.795757575758
2039 0.795757575758
2053 0.795757575758
2063 0.795757575758
2069 0.795757575758
2081 0.795757575758
2083 0.795757575758
2087 0.795757575758
2089 0.795757575758
2099 0.795757575758
2111 0.795757575758
2113 0.795757575758
2129 0.795757575758
2131 0.795757575758
2137 0.795757575758
2141 0.795757575758
2143 0.795757575758
2153 0.795757575758
2161 0.795757575758
2179 0.795757575758
2203 0.795757575758
2207 0.795757575758
2213 0.795757575758
2221 0.795757575758
2237 0.795757575758
2239 0.795757575758
2243 0.795757575758
2251 0.795757575758
2267 0.795757575758
2269 0.795757575758
2273 0.795757575758
2281 0.811818181819
2287 0.811818181819
2293 0.811818181819
2297 0.811818181819
2309 0.811818181819
2311 0.811818181819
2333 0.811818181819
2339 0.811818181819
2341 0.811818181819
2347 0.811818181819
2351 0.811818181819
2357 0.811818181819
2371 0.811818181819
2377 0.811818181819
2381 0.811818181819
2383 0.811818181819
2389 0.811818181819
2393 0.811818181819
2399 0.811818181819
2411 0.811818181819
2417 0.811818181819
2423 0.811818181819
2437 0.811818181819
2441 0.811818181819
2447 0.811818181819
2459 0.811818181819
2467 0.811818181819
2473 0.811818181819
2477 0.811818181819
2503 0.811818181819
2521 0.811818181819
2531 0.811818181819
2539 0.811818181819
2543 0.811818181819
2549 0.811818181819
2551 0.811818181819
2557 0.811818181819
2579 0.811818181819
2591 0.811818181819
2593 0.811818181819
2609 0.811818181819
2617 0.811818181819
2621 0.811818181819
2633 0.811818181819
2647 0.811818181819
2657 0.811818181819
2659 0.811818181819
2663 0.811818181819
2671 0.811818181819
2677 0.811818181819
2683 0.811818181819
2687 0.811818181819
2689 0.811818181819
2693 0.811818181819
2699 0.811818181819
2707 0.811818181819
2711 0.811818181819
2713 0.811818181819
2719 0.811818181819
2729 0.811818181819
2731 0.811818181819
2741 0.830909090910
2749 0.830909090910
2753 0.830909090910
2767 0.830909090910
2777 0.830909090910
2789 0.830909090910
2791 0.830909090910
2797 0.830909090910
2801 0.830909090910
2803 0.830909090910
2819 0.830909090910
2833 0.830909090910
2837 0.830909090910
2843 0.830909090910
2851 0.830909090910
2857 0.830909090910
2861 0.830909090910
2879 0.830909090910
2887 0.830909090910
2897 0.830909090910
2903 0.830909090910
2909 0.830909090910
2917 0.830909090910
2927 0.830909090910
2939 0.830909090910
2953 0.830909090910
2957 0.830909090910
2963 0.830909090910
2969 0.830909090910
2971 0.830909090910
2999 0.830909090910
3001 0.830909090910
3011 0.830909090910
3019 0.830909090910
3023 0.830909090910
3037 0.830909090910
3041 0.830909090910
3049 0.830909090910
3061 0.830909090910
3067 0.830909090910
3079 0.830909090910
3083 0.830909090910
3089 0.830909090910
3109 0.830909090910
3119 0.830909090910
3121 0.830909090910
3137 0.830909090910
3163 0.830909090910
3167 0.830909090910
3169 0.830909090910
3181 0.830909090910
3187 0.830909090910
3191 0.830909090910
3203 0.830909090910
3209 0.830909090910
3217 0.830909090910
3221 0.830909090910
3229 0.830909090910
3251 0.830909090910
3253 0.830909090910
3257 0.830909090910
3259 0.830909090910
3271 0.830909090910
3299 0.830909090910
3301 0.830909090910
3307 0.830909090910
3313 0.830909090910
3319 0.830909090910
3323 0.830909090910
3329 0.830909090910
3331 0.830909090910
3343 0.830909090910
3347 0.830909090910
3359 0.830909090910
3361 0.830909090910
3371 0.830909090910
3373 0.830909090910
3389 0.830909090910
3391 0.830909090910
3407 0.830909090910
3413 0.830909090910
3433 0.854545454546
3449 0.854545454546
3457 0.854545454546
3461 0.854545454546
3463 0.854545454546
3467 0.854545454546
3469 0.854545454546
3491 0.854545454546
3499 0.854545454546
3511 0.854545454546
3517 0.854545454546
3527 0.854545454546
3529 0.854545454546
3533 0.854545454546
3539 0.854545454546
3541 0.854545454546
3547 0.854545454546
3557 0.854545454546
3559 0.854545454546
3571 0.854545454546
3581 0.854545454546
3583 0.854545454546
3593 0.854545454546
3607 0.854545454546
3613 0.854545454546
3617 0.854545454546
3623 0.854545454546
3631 0.854545454546
3637 0.854545454546
3643 0.854545454546
3659 0.854545454546
3671 0.854545454546
3673 0.854545454546
3677 0.854545454546
3691 0.854545454546
3697 0.854545454546
3701 0.854545454546
3709 0.854545454546
3719 0.854545454546
3727 0.854545454546
3733 0.854545454546
3739 0.854545454546
3761 0.854545454546
3767 0.854545454546
3769 0.854545454546
3779 0.854545454546
3793 0.854545454546
3797 0.854545454546
3803 0.854545454546
3821 0.854545454546
3823 0.854545454546
3833 0.854545454546
3847 0.854545454546
3851 0.854545454546
3853 0.854545454546
3863 0.854545454546
3877 0.854545454546
3881 0.854545454546
3889 0.854545454546
3907 0.854545454546
3911 0.854545454546
3917 0.854545454546
3919 0.854545454546
3923 0.854545454546
3929 0.854545454546
3931 0.854545454546
3943 0.854545454546
3947 0.854545454546
3967 0.854545454546
3989 0.854545454546
4001 0.854545454546
4003 0.854545454546
4007 0.854545454546
4013 0.854545454546
4019 0.854545454546
4021 0.854545454546
4027 0.854545454546
4049 0.854545454546
4051 0.854545454546
4057 0.854545454546
4073 0.854545454546
4079 0.854545454546
4091 0.854545454546
4093 0.854545454546
4099 0.854545454546
4111 0.854545454546
4127 0.854545454546
4129 0.854545454546
4133 0.854545454546
4139 0.854545454546
4153 0.854545454546
4157 0.854545454546
4159 0.854545454546
4177 0.854545454546
4201 0.854545454546
4211 0.854545454546
4217 0.854545454546
4219 0.854545454546
4229 0.854545454546
4231 0.854545454546
4241 0.854545454546
4243 0.854545454546
4253 0.854545454546
4259 0.854545454546
4261 0.854545454546
4271 0.854545454546
4273 0.854545454546
4283 0.854545454546
4289 0.854545454546
4297 0.854545454546
4327 0.854545454546
4337 0.854545454546
4339 0.854545454546
4349 0.854545454546
4357 0.854545454546
4363 0.854545454546
4373 0.854545454546
4391 0.854545454546
4397 0.854545454546
4409 0.854545454546
4421 0.854545454546
4423 0.854545454546
4441 0.854545454546
4447 0.854545454546
4451 0.854545454546
4457 0.854545454546
4463 0.854545454546
4481 0.854545454546
4483 0.854545454546
4493 0.854545454546
4507 0.854545454546
4513 0.854545454546
4517 0.854545454546
4519 0.854545454546
4523 0.854545454546
4547 0.854545454546
4549 0.854545454546
4561 0.884545454546
4567 0.884545454546
4583 0.884545454546
4591 0.884545454546
4597 0.884545454546
4603 0.884545454546
4621 0.884545454546
4637 0.884545454546
4639 0.884545454546
4643 0.884545454546
4649 0.884545454546
4651 0.884545454546
4657 0.884545454546
4663 0.884545454546
4673 0.884545454546
4679 0.884545454546
4691 0.884545454546
4703 0.884545454546
4721 0.884545454546
4723 0.884545454546
4729 0.884545454546
4733 0.884545454546
4751 0.884545454546
4759 0.884545454546
4783 0.884545454546
4787 0.884545454546
4789 0.884545454546
4793 0.884545454546
4799 0.884545454546
4801 0.884545454546
4813 0.884545454546
4817 0.884545454546
4831 0.884545454546
4861 0.884545454546
4871 0.884545454546
4877 0.884545454546
4889 0.884545454546
4903 0.884545454546
4909 0.884545454546
4919 0.884545454546
4931 0.884545454546
4933 0.884545454546
4937 0.884545454546
4943 0.884545454546
4951 0.884545454546
4957 0.884545454546
4967 0.884545454546
4969 0.884545454546
4973 0.884545454546
4987 0.884545454546
4993 0.884545454546
4999 0.884545454546
5003 0.884545454546
5009 0.884545454546
5011 0.884545454546
5021 0.884545454546
5023 0.884545454546
5039 0.884545454546
5051 0.884545454546
5059 0.884545454546
5077 0.884545454546
5081 0.884545454546
5087 0.884545454546
5099 0.884545454546
5101 0.884545454546
5107 0.884545454546
5113 0.884545454546
5119 0.884545454546
5147 0.884545454546
5153 0.884545454546
5167 0.884545454546
5171 0.884545454546
5179 0.884545454546
5189 0.884545454546
5197 0.884545454546
5209 0.884545454546
5227 0.884545454546
5231 0.884545454546
5233 0.884545454546
5237 0.884545454546
5261 0.884545454546
5273 0.884545454546
5279 0.884545454546
5281 0.884545454546
5297 0.884545454546
5303 0.884545454546
5309 0.884545454546
5323 0.884545454546
5333 0.884545454546
5347 0.884545454546
5351 0.884545454546
5381 0.884545454546
5387 0.884545454546
5393 0.884545454546
5399 0.884545454546
5407 0.884545454546
5413 0.884545454546
5417 0.884545454546
5419 0.884545454546
5431 0.884545454546
5437 0.884545454546
5441 0.884545454546
5443 0.884545454546
5449 0.884545454546
5471 0.884545454546
5477 0.884545454546
5479 0.884545454546
5483 0.884545454546
5501 0.884545454546
5503 0.884545454546
5507 0.884545454546
5519 0.884545454546
5521 0.884545454546
5527 0.884545454546
5531 0.884545454546
5557 0.884545454546
5563 0.884545454546
5569 0.884545454546
5573 0.884545454546
5581 0.884545454546
5591 0.884545454546
5623 0.884545454546
5639 0.884545454546
5641 0.884545454546
5647 0.884545454546
5651 0.884545454546
5653 0.884545454546
5657 0.884545454546
5659 0.884545454546
5669 0.884545454546
5683 0.884545454546
5689 0.884545454546
5693 0.884545454546
5701 0.884545454546
5711 0.884545454546
5717 0.884545454546
5737 0.884545454546
5741 0.884545454546
5743 0.884545454546
5749 0.884545454546
5779 0.884545454546
5783 0.884545454546
5791 0.884545454546
5801 0.884545454546
5807 0.884545454546
5813 0.884545454546
5821 0.884545454546
5827 0.884545454546
5839 0.884545454546
5843 0.884545454546
5849 0.884545454546
5851 0.884545454546
5857 0.884545454546
5861 0.884545454546
5867 0.884545454546
5869 0.884545454546
5879 0.884545454546
5881 0.884545454546
5897 0.884545454546
5903 0.884545454546
5923 0.884545454546
5927 0.884545454546
5939 0.884545454546
5953 0.884545454546
5981 0.884545454546
5987 0.884545454546
6007 0.884545454546
6011 0.884545454546
6029 0.884545454546
6037 0.884545454546
6043 0.884545454546
6047 0.884545454546
6053 0.884545454546
6067 0.884545454546
6073 0.884545454546
6079 0.884545454546
6089 0.884545454546
6091 0.884545454546
6101 0.884545454546
6113 0.884545454546
6121 0.884545454546
6131 0.884545454546
6133 0.884545454546
6143 0.884545454546
6151 0.884545454546
6163 0.884545454546
6173 0.884545454546
6197 0.884545454546
6199 0.884545454546
6203 0.884545454546
6211 0.884545454546
6217 0.884545454546
6221 0.884545454546
6229 0.884545454546
6247 0.884545454546
6257 0.884545454546
6263 0.884545454546
6269 0.884545454546
6271 0.884545454546
6277 0.884545454546
6287 0.884545454546
6299 0.884545454546
6301 0.884545454546
6311 0.884545454546
6317 0.884545454546
6323 0.884545454546
6329 0.884545454546
6337 0.884545454546
6343 0.884545454546
6353 0.884545454546
6359 0.884545454546
6361 0.884545454546
6367 0.884545454546
6373 0.884545454546
6379 0.884545454546
6389 0.884545454546
6397 0.884545454546
6421 0.884545454546
6427 0.884545454546
6449 0.884545454546
6451 0.884545454546
6469 0.884545454546
6473 0.884545454546
6481 0.884545454546
6491 0.884545454546
6521 0.884545454546
6529 0.884545454546
6547 0.884545454546
6551 0.884545454546
6553 0.884545454546
6563 0.884545454546
6569 0.884545454546
6571 0.884545454546
6577 0.884545454546
6581 0.884545454546
6599 0.884545454546
6607 0.884545454546
6619 0.884545454546
6637 0.884545454546
6653 0.884545454546
6659 0.884545454546
6661 0.884545454546
6673 0.884545454546
6679 0.884545454546
6689 0.884545454546
6691 0.884545454546
6701 0.884545454546
6703 0.884545454546
6709 0.884545454546
6719 0.884545454546
6733 0.884545454546
6737 0.884545454546
6761 0.884545454546
6763 0.884545454546
6779 0.884545454546
6781 0.884545454546
6791 0.884545454546
6793 0.884545454546
6803 0.884545454546
6823 0.884545454546
6827 0.884545454546
6829 0.884545454546
6833 0.884545454546
6841 0.927272727273
6857 0.927272727273
6863 0.927272727273
6869 0.927272727273
6871 0.927272727273
6883 0.927272727273
6899 0.927272727273
6907 0.927272727273
6911 0.927272727273
6917 0.927272727273
6947 0.927272727273
6949 0.927272727273
6959 0.927272727273
6961 0.927272727273
6967 0.927272727273
6971 0.927272727273
6977 0.927272727273
6983 0.927272727273
6991 0.927272727273
6997 0.927272727273
7001 0.927272727273
7013 0.927272727273
7019 0.927272727273
7027 0.927272727273
7039 0.927272727273
7043 0.927272727273
7057 0.927272727273
7069 0.927272727273
7079 0.927272727273
7103 0.927272727273
7109 0.927272727273
7121 0.927272727273
7127 0.927272727273
7129 0.927272727273
7151 0.927272727273
7159 0.927272727273
7177 0.927272727273
7187 0.927272727273
7193 0.927272727273
7207 0.927272727273
7211 0.927272727273
7213 0.927272727273
7219 0.927272727273
7229 0.927272727273
7237 0.927272727273
7243 0.927272727273
7247 0.927272727273
7253 0.927272727273
7283 0.927272727273
7297 0.927272727273
7307 0.927272727273
7309 0.927272727273
7321 0.927272727273
7331 0.927272727273
7333 0.927272727273
7349 0.927272727273
7351 0.927272727273
7369 0.927272727273
7393 0.927272727273
7411 0.927272727273
7417 0.927272727273
7433 0.927272727273
7451 0.927272727273
7457 0.927272727273
7459 0.927272727273
7477 0.927272727273
7481 0.927272727273
7487 0.927272727273
7489 0.927272727273
7499 0.927272727273
7507 0.927272727273
7517 0.927272727273
7523 0.927272727273
7529 0.927272727273
7537 0.927272727273
7541 0.927272727273
7547 0.927272727273
7549 0.927272727273
7559 0.927272727273
7561 0.927272727273
7573 0.927272727273
7577 0.927272727273
7583 0.927272727273
7589 0.927272727273
7591 0.927272727273
7603 0.927272727273
7607 0.927272727273
7621 0.927272727273
7639 0.927272727273
7643 0.927272727273
7649 0.927272727273
7669 0.927272727273
7673 0.927272727273
7681 0.927272727273
7687 0.927272727273
7691 0.927272727273
7699 0.927272727273
7703 0.927272727273
7717 0.927272727273
7723 0.927272727273
7727 0.927272727273
7741 0.927272727273
7753 0.927272727273
7757 0.927272727273
7759 0.927272727273
7789 0.927272727273
7793 0.927272727273
7817 0.927272727273
7823 0.927272727273
7829 0.927272727273
7841 0.927272727273
7853 0.927272727273
7867 0.927272727273
7873 0.927272727273
7877 0.927272727273
7879 0.927272727273
7883 0.927272727273
7901 0.927272727273
7907 0.927272727273
7919 0.927272727273
7927 0.927272727273
7933 0.927272727273
7937 0.927272727273
7949 0.927272727273
7951 0.927272727273
7963 0.927272727273
7993 0.927272727273
8009 0.927272727273
8011 0.927272727273
8017 0.927272727273
8039 0.927272727273
8053 0.927272727273
8059 0.927272727273
8069 0.927272727273
8081 0.927272727273
8087 0.927272727273
8089 0.927272727273
8093 0.927272727273
8101 0.927272727273
8111 0.927272727273
8117 0.927272727273
8123 0.927272727273
8147 0.927272727273
8161 0.927272727273
8167 0.927272727273
8171 0.927272727273
8179 0.927272727273
8191 0.927272727273
8209 0.927272727273
8219 0.927272727273
8221 0.927272727273
8231 0.927272727273
8233 0.927272727273
8237 0.927272727273
8243 0.927272727273
8263 0.927272727273
8269 0.927272727273
8273 0.927272727273
8287 0.927272727273
8291 0.927272727273
8293 0.927272727273
8297 0.927272727273
8311 0.927272727273
8317 0.927272727273
8329 0.927272727273
8353 0.927272727273
8363 0.927272727273
8369 0.927272727273
8377 0.927272727273
8387 0.927272727273
8389 0.927272727273
8419 0.927272727273
8423 0.927272727273
8429 0.927272727273
8431 0.927272727273
8443 0.927272727273
8447 0.927272727273
8461 0.927272727273
8467 0.927272727273
8501 0.927272727273
8513 0.927272727273
8521 0.927272727273
8527 0.927272727273
8537 0.927272727273
8539 0.927272727273
8543 0.927272727273
8563 0.927272727273
8573 0.927272727273
8581 0.927272727273
8597 0.927272727273
8599 0.927272727273
8609 0.927272727273
8623 0.927272727273
8627 0.927272727273
8629 0.927272727273
8641 0.927272727273
8647 0.927272727273
8663 0.927272727273
8669 0.927272727273
8677 0.927272727273
8681 0.927272727273
8689 0.927272727273
8693 0.927272727273
8699 0.927272727273
8707 0.927272727273
8713 0.927272727273
8719 0.927272727273
8731 0.927272727273
8737 0.927272727273
8741 0.927272727273
8747 0.927272727273
8753 0.927272727273
8761 0.927272727273
8779 0.927272727273
8783 0.927272727273
8803 0.927272727273
8807 0.927272727273
8819 0.927272727273
8821 0.927272727273
8831 0.927272727273
8837 0.927272727273
8839 0.927272727273
8849 0.927272727273
8861 0.927272727273
8863 0.927272727273
8867 0.927272727273
8887 0.927272727273
8893 0.927272727273
8923 0.927272727273
8929 0.927272727273
8933 0.927272727273
8941 0.927272727273
8951 0.927272727273
8963 0.927272727273
8969 0.927272727273
8971 0.927272727273
8999 0.927272727273
9001 0.927272727273
9007 0.927272727273
9011 0.927272727273
9013 0.927272727273
9029 0.927272727273
9041 0.927272727273
9043 0.927272727273
9049 0.927272727273
9059 0.927272727273
9067 0.927272727273
9091 0.927272727273
9103 0.927272727273
9109 0.927272727273
9127 0.927272727273
9133 0.927272727273
9137 0.927272727273
9151 0.927272727273
9157 0.927272727273
9161 0.927272727273
9173 0.927272727273
9181 0.927272727273
9187 0.927272727273
9199 0.927272727273
9203 0.927272727273
9209 0.927272727273
9221 0.927272727273
9227 0.927272727273
9239 0.927272727273
9241 0.927272727273
9257 0.927272727273
9277 0.927272727273
9281 0.927272727273
9283 0.927272727273
9293 0.927272727273
9311 0.927272727273
9319 0.927272727273
9323 0.927272727273
9337 0.927272727273
9341 0.927272727273
9343 0.927272727273
9349 0.927272727273
9371 0.927272727273
9377 0.927272727273
9391 0.927272727273
9397 0.927272727273
9403 0.927272727273
9413 0.927272727273
9419 0.927272727273
9421 0.927272727273
9431 0.927272727273
9433 0.927272727273
9437 0.927272727273
9439 0.927272727273
9461 0.927272727273
9463 0.927272727273
9467 0.927272727273
9473 0.927272727273
9479 0.927272727273
9491 0.927272727273
9497 0.927272727273
9511 0.927272727273
9521 0.927272727273
9533 0.927272727273
9539 0.927272727273
9547 0.927272727273
9551 0.927272727273
9587 0.927272727273
9601 0.927272727273
9613 0.927272727273
9619 0.927272727273
9623 0.927272727273
9629 0.927272727273
9631 0.927272727273
9643 0.927272727273
9649 0.927272727273
9661 0.927272727273
9677 0.927272727273
9679 0.927272727273
9689 0.927272727273
9697 0.927272727273
9719 0.927272727273
9721 0.927272727273
9733 0.927272727273
9739 0.927272727273
9743 0.927272727273
9749 0.927272727273
9767 0.927272727273
9769 0.927272727273
9781 0.927272727273
9787 0.927272727273
9791 0.927272727273
9803 0.927272727273
9811 0.927272727273
9817 0.927272727273
9829 0.927272727273
9833 0.927272727273
9839 0.927272727273
9851 0.927272727273
9857 0.927272727273
9859 0.927272727273
9871 0.927272727273
9883 0.927272727273
9887 0.927272727273
9901 0.927272727273
9907 0.927272727273
9923 0.927272727273
9929 0.927272727273
9931 0.927272727273
9941 0.927272727273
9949 0.927272727273
9967 0.927272727273
9973 0.927272727273
10007 0.927272727273
10009 0.927272727273
10037 0.927272727273
10039 0.927272727273
10061 0.927272727273
10067 0.927272727273
10069 0.927272727273
10079 0.927272727273
10091 0.927272727273
10093 0.927272727273
10099 0.927272727273
10103 0.927272727273
10111 0.927272727273
10133 0.927272727273
10139 0.927272727273
10141 0.927272727273
10151 0.927272727273
10159 0.927272727273
10163 0.927272727273
10169 0.927272727273
10177 0.927272727273
10181 0.927272727273
10193 0.927272727273
10211 0.927272727273
10223 0.927272727273
10243 0.927272727273
10247 0.927272727273
10253 0.927272727273
10259 0.927272727273
10267 0.927272727273
10271 0.927272727273
10273 0.927272727273
10289 0.927272727273
10301 0.927272727273
10303 0.927272727273
10313 0.927272727273
10321 0.927272727273
10331 0.927272727273
10333 0.927272727273
10337 0.927272727273
10343 0.927272727273
10357 0.927272727273
10369 0.927272727273
10391 0.927272727273
10399 0.927272727273
10427 0.927272727273
10429 0.927272727273
10433 0.927272727273
10453 0.927272727273
10457 0.927272727273
10459 0.927272727273
10463 0.927272727273
10477 0.927272727273
10487 0.927272727273
10499 0.927272727273
10501 0.927272727273
10513 0.927272727273
10529 0.927272727273
10531 0.927272727273
10559 0.927272727273
10567 0.927272727273
10589 0.927272727273
10597 0.927272727273
10601 0.927272727273
10607 0.927272727273
10613 0.927272727273
10627 0.927272727273
10631 0.927272727273
10639 0.927272727273
10651 0.927272727273
10657 0.927272727273
10663 0.927272727273
10667 0.927272727273
10687 0.927272727273
10691 0.927272727273
10709 0.927272727273
10711 0.927272727273
10723 0.927272727273
10729 0.927272727273
10733 0.927272727273
10739 0.927272727273
10753 0.927272727273
10771 0.927272727273
10781 0.927272727273
10789 0.927272727273
10799 0.927272727273
10831 0.927272727273
10837 0.927272727273
10847 0.927272727273
10853 0.927272727273
10859 0.927272727273
10861 0.927272727273
10867 0.927272727273
10883 0.927272727273
10889 0.927272727273
10891 0.927272727273
10903 0.927272727273
10909 0.927272727273
10937 0.927272727273
10939 0.927272727273
10949 0.927272727273
10957 0.927272727273
10973 0.927272727273
10979 0.927272727273
10987 0.927272727273
10993 0.927272727273
11003 0.927272727273
11027 0.927272727273
11047 0.927272727273
11057 0.927272727273
11059 0.927272727273
11069 0.927272727273
11071 0.927272727273
11083 0.927272727273
11087 0.927272727273
11093 0.927272727273
11113 0.927272727273
11117 0.927272727273
11119 0.927272727273
11131 0.927272727273
11149 0.927272727273
11159 0.927272727273
11161 0.927272727273
11171 0.927272727273
11173 0.927272727273
11177 0.927272727273
11197 0.927272727273
11213 0.927272727273
11239 0.927272727273
11243 0.927272727273
11251 0.927272727273
11257 0.927272727273
11261 0.927272727273
11273 0.927272727273
11279 0.927272727273
11287 0.927272727273
11299 0.927272727273
11311 0.927272727273
11317 0.927272727273
11321 0.927272727273
11329 0.927272727273
11351 0.927272727273
11353 0.927272727273
11369 0.927272727273
11383 0.927272727273
11393 0.927272727273
11399 0.927272727273
11411 0.927272727273
11423 0.927272727273
11437 0.927272727273
11443 0.927272727273
11447 0.927272727273
11467 0.927272727273
11471 0.927272727273
11483 0.927272727273
11489 0.927272727273
11491 0.927272727273
11497 0.927272727273
11503 0.927272727273
11519 0.927272727273
11527 0.927272727273
11549 0.927272727273
11551 0.927272727273
11579 0.927272727273
11587 0.927272727273
11593 0.927272727273
11597 0.927272727273
11617 0.927272727273
11621 0.927272727273
11633 0.927272727273
11657 0.927272727273
11677 0.927272727273
11681 0.927272727273
11689 0.927272727273
11699 0.927272727273
11701 0.927272727273
11717 0.927272727273
11719 0.927272727273
11731 0.927272727273
11743 0.927272727273
11777 0.927272727273
11779 0.927272727273
11783 0.927272727273
11789 0.927272727273
11801 0.927272727273
11807 0.927272727273
11813 0.927272727273
11821 0.927272727273
11827 0.927272727273
11831 0.927272727273
11833 0.927272727273
11839 0.927272727273
11863 0.927272727273
11867 0.927272727273
11887 0.927272727273
11897 0.927272727273
11903 0.927272727273
11909 0.927272727273
11923 0.927272727273
11927 0.927272727273
11933 0.927272727273
11939 0.927272727273
11941 0.927272727273
11953 0.927272727273
11959 0.927272727273
11969 0.927272727273
11971 0.927272727273
11981 0.927272727273
11987 0.927272727273
12007 0.927272727273
12011 0.927272727273
12037 0.927272727273
12041 0.927272727273
12043 0.927272727273
12049 0.927272727273
12071 0.927272727273
12073 0.927272727273
12097 0.927272727273
12101 0.927272727273
12107 0.927272727273
12109 0.927272727273
12113 0.927272727273
12119 0.927272727273
12143 0.927272727273
12149 0.927272727273
12157 0.927272727273
12161 0.927272727273
12163 0.927272727273
12197 0.927272727273
12203 0.927272727273
12211 0.927272727273
12227 0.927272727273
12239 0.927272727273
12241 0.927272727273
12251 0.927272727273
12253 0.927272727273
12263 0.927272727273
12269 0.927272727273
12277 0.927272727273
12281 0.927272727273
12289 0.927272727273
12301 0.927272727273
12323 0.927272727273
12329 0.927272727273
12343 0.927272727273
12347 0.927272727273
12373 0.927272727273
12377 0.927272727273
12379 0.927272727273
12391 0.927272727273
12401 0.927272727273
12409 0.927272727273
12413 0.927272727273
12421 0.927272727273
12433 0.927272727273
12437 0.927272727273
12451 0.927272727273
12457 0.927272727273
12473 0.927272727273
12479 0.927272727273
12487 0.927272727273
12491 0.927272727273
12497 0.927272727273
12503 0.927272727273
12511 0.927272727273
12517 0.927272727273
12527 0.927272727273
12539 0.927272727273
12541 0.927272727273
12547 0.927272727273
12553 0.927272727273
12569 0.927272727273
12577 0.927272727273
12583 0.927272727273
12589 0.927272727273
12601 0.927272727273
12611 0.927272727273
12613 0.927272727273
12619 0.927272727273
12637 0.927272727273
12641 0.927272727273
12647 0.927272727273
12653 0.927272727273
12659 0.927272727273
12671 0.927272727273
12689 0.927272727273
12697 0.927272727273
12703 0.927272727273
12713 0.927272727273
12721 0.927272727273
12739 0.927272727273
12743 0.927272727273
12757 0.927272727273
12763 0.927272727273
12781 0.927272727273
12791 0.927272727273
12799 0.927272727273
12809 0.927272727273
12821 0.927272727273
12823 0.927272727273
12829 0.927272727273
12841 0.927272727273
12853 0.927272727273
12889 0.927272727273
12893 0.927272727273
12899 0.927272727273
12907 0.927272727273
12911 0.927272727273
12917 0.927272727273
12919 0.927272727273
12923 0.927272727273
12941 0.927272727273
12953 0.927272727273
12959 0.927272727273
12967 0.927272727273
12973 0.927272727273
12979 0.927272727273
12983 0.927272727273
13001 0.927272727273
13003 0.927272727273
13007 0.927272727273
13009 0.927272727273
13033 0.927272727273
13037 0.927272727273
13043 0.927272727273
13049 0.927272727273
13063 0.927272727273
13093 0.927272727273
13099 0.927272727273
13103 0.927272727273
13109 0.927272727273
13121 0.927272727273
13127 0.927272727273
13147 0.927272727273
13151 0.927272727273
13159 0.927272727273
13163 0.927272727273
13171 0.927272727273
13177 0.927272727273
13183 0.927272727273
13187 0.927272727273
13217 0.927272727273
13219 0.927272727273
13229 0.927272727273
13241 0.927272727273
13249 0.927272727273
13259 0.927272727273
13267 0.927272727273
13291 0.927272727273
13297 0.927272727273
13309 0.927272727273
13313 0.927272727273
13327 0.927272727273
13331 0.927272727273
13337 0.927272727273
13339 0.927272727273
13367 0.927272727273
13381 0.927272727273
13397 0.927272727273
13399 0.927272727273
13411 0.927272727273
13417 0.927272727273
13421 0.927272727273
13441 0.927272727273
13451 0.927272727273
13457 0.927272727273
13463 0.927272727273
13469 0.927272727273
13477 0.927272727273
13487 0.927272727273
13499 0.927272727273
13513 0.927272727273
13523 0.927272727273
13537 0.927272727273
13553 0.927272727273
13567 0.927272727273
13577 0.927272727273
13591 0.927272727273
13597 0.927272727273
13613 0.927272727273
13619 0.927272727273
13627 0.927272727273
13633 0.927272727273
13649 0.927272727273
13669 1
13679 1
13681 1
13687 1
13691 1
13693 1
13697 1
13709 1
13711 1
13721 1
13723 1
13729 1
13751 1
13757 1
13759 1
13763 1
13781 1
13789 1
13799 1
13807 1
13829 1
13831 1
13841 1
13859 1
13873 1
13877 1
13879 1
13883 1
13901 1
13903 1
13907 1
13913 1
13921 1
13931 1
13933 1
13963 1
13967 1
13997 1
13999 1
14009 1
14011 1
14029 1
14033 1
14051 1
14057 1
14071 1
14081 1
14083 1
14087 1
14107 1
14143 1
14149 1
14153 1
14159 1
14173 1
14177 1
14197 1
14207 1
14221 1
14243 1
14249 1
14251 1
14281 1
14293 1
14303 1
14321 1
14323 1
14327 1
14341 1
14347 1
14369 1
14387 1
14389 1
14401 1
14407 1
14411 1
14419 1
14423 1
14431 1
14437 1
14447 1
14449 1
14461 1
14479 1
14489 1
14503 1
14519 1
14533 1
14537 1
14543 1
14549 1
14551 1
14557 1
14561 1
14563 1
14591 1
14593 1
14621 1
14627 1
14629 1
14633 1
14639 1
14653 1
14657 1
14669 1
14683 1
14699 1
14713 1
14717 1
14723 1
14731 1
14737 1
14741 1
14747 1
14753 1
14759 1
14767 1
14771 1
14779 1
14783 1
14797 1
14813 1
14821 1
14827 1
14831 1
14843 1
14851 1
14867 1
14869 1
14879 1
14887 1
14891 1
14897 1
14923 1
14929 1
14939 1
14947 1
14951 1
14957 1
14969 1
14983 1
15013 1
15017 1
15031 1
15053 1
15061 1
15073 1
15077 1
15083 1
15091 1
15101 1
15107 1
15121 1
15131 1
15137 1
15139 1
15149 1
15161 1
15173 1
15187 1
15193 1
15199 1
15217 1
15227 1
15233 1
15241 1
15259 1
15263 1
15269 1
15271 1
15277 1
15287 1
15289 1
15299 1
15307 1
15313 1
15319 1
15329 1
15331 1
15349 1
15359 1
15361 1
15373 1
15377 1
15383 1
15391 1
15401 1
15413 1
15427 1
15439 1
15443 1
15451 1
15461 1
15467 1
15473 1
15493 1
15497 1
15511 1
15527 1
15541 1
15551 1
15559 1
15569 1
15581 1
15583 1
15601 1
15607 1
15619 1
15629 1
15641 1
15643 1
15647 1
15649 1
15661 1
15667 1
15671 1
15679 1
15683 1
15727 1
15731 1
15733 1
15737 1
15739 1
15749 1
15761 1
15767 1
15773 1
15787 1
15791 1
15797 1
15803 1
15809 1
15817 1
15823 1
15859 1
15877 1
15881 1
15887 1
15889 1
15901 1
15907 1
15913 1
15919 1
15923 1
15937 1
15959 1
15971 1
15973 1
15991 1
16001 1
16007 1
16033 1
16057 1
16061 1
16063 1
16067 1
16069 1
16073 1
16087 1
16091 1
16097 1
16103 1
16111 1
16127 1
16139 1
16141 1
16183 1
16187 1
16189 1
16193 1
16217 1
16223 1
16229 1
16231 1
16249 1
16253 1
16267 1
16273 1
16301 1
16319 1
16333 1
16339 1
16349 1
16361 1
16363 1
16369 1
16381 1
16411 1
16417 1
16421 1
16427 1
16433 1
16447 1
16451 1
16453 1
16477 1
16481 1
16487 1
16493 1
16519 1
16529 1
16547 1
16553 1
16561 1
16567 1
16573 1
16603 1
16607 1
16619 1
16631 1
16633 1
16649 1
16651 1
16657 1
16661 1
16673 1
16691 1
16693 1
16699 1
16703 1
16729 1
16741 1
16747 1
16759 1
16763 1
16787 1
16811 1
16823 1
16829 1
16831 1
16843 1
16871 1
16879 1
16883 1
16889 1
16901 1
16903 1
16921 1
16927 1
16931 1
16937 1
16943 1
16963 1
16979 1
16981 1
16987 1
16993 1
17011 1
17021 1
17027 1
17029 1
17033 1
17041 1
17047 1
17053 1
17077 1
17093 1
17099 1
17107 1
17117 1
17123 1
17137 1
17159 1
17167 1
17183 1
17189 1
17191 1
17203 1
17207 1
17209 1
17231 1
17239 1
17257 1
17291 1
17293 1
17299 1
17317 1
17321 1
17327 1
17333 1
17341 1
17351 1
17359 1
17377 1
17383 1
17387 1
17389 1
17393 1
17401 1
17417 1
17419 1
17431 1
17443 1
17449 1
17467 1
17471 1
17477 1
17483 1
17489 1
17491 1
17497 1
17509 1
17519 1
17539 1
17551 1
17569 1
17573 1
17579 1
17581 1
17597 1
17599 1
17609 1
17623 1
17627 1
17657 1
17659 1
17669 1
17681 1
17683 1
17707 1
17713 1
17729 1
17737 1
17747 1
17749 1
17761 1
17783 1
17789 1
17791 1
17807 1
17827 1
17837 1
17839 1
17851 1
17863 1
17881 1
17891 1
17903 1
17909 1
17911 1
17921 1
17923 1
17929 1
17939 1
17957 1
17959 1
17971 1
17977 1
17981 1
17987 1
17989 1
18013 1
18041 1
18043 1
18047 1
18049 1
18059 1
18061 1
18077 1
18089 1
18097 1
18119 1
18121 1
18127 1
18131 1
18133 1
18143 1
18149 1
18169 1
18181 1
18191 1
18199 1
18211 1
18217 1
18223 1
18229 1
18233 1
18251 1
18253 1
18257 1
18269 1
18287 1
18289 1
18301 1
18307 1
18311 1
18313 1
18329 1
18341 1
18353 1
18367 1
18371 1
18379 1
18397 1
18401 1
18413 1
18427 1
18433 1
18439 1
18443 1
18451 1
18457 1
18461 1
18481 1
18493 1
18503 1
18517 1
18521 1
18523 1
18539 1
18541 1
18553 1
18583 1
18587 1
18593 1
18617 1
18637 1
18661 1
18671 1
18679 1
18691 1
18701 1
18713 1
18719 1
18731 1
18743 1
18749 1
18757 1
18773 1
18787 1
18793 1
18797 1
18803 1
18839 1
18859 1
18869 1
18899 1
18911 1
18913 1
18917 1
18919 1
18947 1
18959 1
18973 1
18979 1
19001 1
19009 1
19013 1
19031 1
19037 1
19051 1
19069 1
19073 1
19079 1
19081 1
19087 1
19121 1
19139 1
19141 1
19157 1
19163 1
19181 1
19183 1
19207 1
19211 1
19213 1
19219 1
19231 1
19237 1
19249 1
19259 1
19267 1
19273 1
19289 1
19301 1
19309 1
19319 1
19333 1
19373 1
19379 1
19381 1
19387 1
19391 1
19403 1
19417 1
19421 1
19423 1
19427 1
19429 1
19433 1
19441 1
19447 1
19457 1
19463 1
19469 1
19471 1
19477 1
19483 1
19489 1
19501 1
19507 1
19531 1
19541 1
19543 1
19553 1
19559 1
19571 1
19577 1
19583 1
19597 1
19603 1
19609 1
19661 1
19681 1
19687 1
19697 1
19699 1
19709 1
19717 1
19727 1
19739 1
19751 1
19753 1
19759 1
19763 1
19777 1
19793 1
19801 1
19813 1
19819 1
19841 1
19843 1
19853 1
19861 1
19867 1
19889 1
19891 1
19913 1
19919 1
19927 1
19937 1
19949 1
19961 1
19963 1
19973 1
19979 1
19991 1
19993 1
19997 1
20011 1
20021 1
20023 1
20029 1
20047 1
20051 1
20063 1
20071 1
20089 1
20101 1
20107 1
20113 1
20117 1
20123 1
20129 1
20143 1
20147 1
20149 1
20161 1
20173 1
20177 1
20183 1
20201 1
20219 1
20231 1
20233 1
20249 1
20261 1
20269 1
20287 1
20297 1
20323 1
20327 1
20333 1
20341 1
20347 1
20353 1
20357 1
20359 1
20369 1
20389 1
20393 1
20399 1
20407 1
20411 1
20431 1
20441 1
20443 1
20477 1
20479 1
20483 1
20507 1
20509 1
20521 1
20533 1
20543 1
20549 1
20551 1
20563 1
20593 1
20599 1
20611 1
20627 1
20639 1
20641 1
20663 1
20681 1
20693 1
20707 1
20717 1
20719 1
20731 1
20743 1
20747 1
20749 1
20753 1
20759 1
20771 1
20773 1
20789 1
20807 1
20809 1
20849 1
20857 1
20873 1
20879 1
20887 1
20897 1
20899 1
20903 1
20921 1
20929 1
20939 1
20947 1
20959 1
20963 1
20981 1
20983 1
21001 1
21011 1
21013 1
21017 1
21019 1
21023 1
21031 1
21059 1
21061 1
21067 1
21089 1
21101 1
21107 1
21121 1
21139 1
21143 1
21149 1
21157 1
21163 1
21169 1
21179 1
21187 1
21191 1
21193 1
21211 1
21221 1
21227 1
21247 1
21269 1
21277 1
21283 1
21313 1
21317 1
21319 1
21323 1
21341 1
21347 1
21377 1
21379 1
21383 1
21391 1
21397 1
21401 1
21407 1
21419 1
21433 1
21467 1
21481 1
21487 1
21491 1
21493 1
21499 1
21503 1
21517 1
21521 1
21523 1
21529 1
21557 1
21559 1
21563 1
21569 1
21577 1
21587 1
21589 1
21599 1
21601 1
21611 1
21613 1
21617 1
21647 1
21649 1
21661 1
21673 1
21683 1
21701 1
21713 1
21727 1
21737 1
21739 1
21751 1
21757 1
21767 1
21773 1
21787 1
21799 1
21803 1
21817 1
21821 1
21839 1
21841 1
21851 1
21859 1
21863 1
21871 1
21881 1
21893 1
21911 1
21929 1
21937 1
21943 1
21961 1
21977 1
21991 1
21997 1
22003 1
22013 1
22027 1
22031 1
22037 1
22039 1
22051 1
22063 1
22067 1
22073 1
22079 1
22091 1
22093 1
22109 1
22111 1
22123 1
22129 1
22133 1
22147 1
22153 1
22157 1
22159 1
22171 1
22189 1
22193 1
22229 1
22247 1
22259 1
22271 1
22273 1
22277 1
22279 1
22283 1
22291 1
22303 1
22307 1
22343 1
22349 1
22367 1
22369 1
22381 1
22391 1
22397 1
22409 1
22433 1
22441 1
22447 1
22453 1
22469 1
22481 1
22483 1
22501 1
22511 1
22531 1
22541 1
22543 1
22549 1
22567 1
22571 1
22573 1
22613 1
22619 1
22621 1
22637 1
22639 1
22643 1
22651 1
22669 1
22679 1
22691 1
22697 1
22699 1
22709 1
22717 1
22721 1
22727 1
22739 1
22741 1
22751 1
22769 1
22777 1
22783 1
22787 1
22807 1
22811 1
22817 1
22853 1
22859 1
22861 1
22871 1
22877 1
22901 1
22907 1
22921 1
22937 1
22943 1
22961 1
22963 1
22973 1
22993 1
23003 1
23011 1
23017 1
23021 1
23027 1
23029 1
23039 1
23041 1
23053 1
23057 1
23059 1
23063 1
23071 1
23081 1
23087 1
23099 1
23117 1
23131 1
23143 1
23159 1
23167 1
23173 1
23189 1
23197 1
23201 1
23203 1
23209 1
23227 1
23251 1
23269 1
23279 1
23291 1
23293 1
23297 1
23311 1
23321 1
23327 1
23333 1
23339 1
23357 1
23369 1
23371 1
23399 1
23417 1
23431 1
23447 1
23459 1
23473 1
23497 1
23509 1
23531 1
23537 1
23539 1
23549 1
23557 1
23561 1
23563 1
23567 1
23581 1
23593 1
23599 1
23603 1
23609 1
23623 1
23627 1
23629 1
23633 1
23663 1
23669 1
23671 1
23677 1
23687 1
23689 1
23719 1
23741 1
23743 1
23747 1
23753 1
23761 1
23767 1
23773 1
23789 1
23801 1
23813 1
23819 1
23827 1
23831 1
23833 1
23857 1
23869 1
23873 1
23879 1
23887 1
23893 1
23899 1
23909 1
23911 1
23917 1
23929 1
23957 1
23971 1
23977 1
23981 1
23993 1
24001 1
24007 1
24019 1
24023 1
24029 1
24043 1
24049 1
24061 1
24071 1
24077 1
24083 1
24091 1
24097 1
24103 1
24107 1
24109 1
24113 1
24121 1
24133 1
24137 1
24151 1
24169 1
24179 1
24181 1
24197 1
24203 1
24223 1
24229 1
24239 1
24247 1
24251 1
24281 1
24317 1
24329 1
24337 1
24359 1
24371 1
24373 1
24379 1
24391 1
24407 1
24413 1
24419 1
24421 1
24439 1
24443 1
24469 1
24473 1
24481 1
24499 1
24509 1
24517 1
24527 1
24533 1
24547 1
24551 1
24571 1
24593 1
24611 1
24623 1
24631 1
24659 1
24671 1
24677 1
24683 1
24691 1
24697 1
24709 1
24733 1
24749 1
24763 1
24767 1
24781 1
24793 1
24799 1
24809 1
24821 1
24841 1
24847 1
24851 1
24859 1
24877 1
24889 1
24907 1
24917 1
24919 1
24923 1
24943 1
24953 1
24967 1
24971 1
24977 1
24979 1
24989 1
25013 1
25031 1
25033 1
25037 1
25057 1
25073 1
25087 1
25097 1
25111 1
25117 1
25121 1
25127 1
25147 1
25153 1
25163 1
25169 1
25171 1
25183 1
25189 1
25219 1
25229 1
25237 1
25243 1
25247 1
25253 1
25261 1
25301 1
25303 1
25307 1
25309 1
25321 1
25339 1
25343 1
25349 1
25357 1
25367 1
25373 1
25391 1
25409 1
25411 1
25423 1
25439 1
25447 1
25453 1
25457 1
25463 1
25469 1
25471 1
25523 1
25537 1
25541 1
25561 1
25577 1
25579 1
25583 1
25589 1
25601 1
25603 1
25609 1
25621 1
25633 1
25639 1
25643 1
25657 1
25667 1
25673 1
25679 1
25693 1
25703 1
25717 1
25733 1
25741 1
25747 1
25759 1
25763 1
25771 1
25793 1
25799 1
25801 1
25819 1
25841 1
25847 1
25849 1
25867 1
25873 1
25889 1
25903 1
25913 1
25919 1
25931 1
25933 1
25939 1
25943 1
25951 1
25969 1
25981 1
25997 1
25999 1
26003 1
26017 1
26021 1
26029 1
26041 1
26053 1
26083 1
26099 1
26107 1
26111 1
26113 1
26119 1
26141 1
26153 1
26161 1
26171 1
26177 1
26183 1
26189 1
26203 1
26209 1
26227 1
26237 1
26249 1
26251 1
26261 1
26263 1
26267 1
26293 1
26297 1
26309 1
26317 1
26321 1
26339 1
26347 1
26357 1
26371 1
26387 1
26393 1
26399 1
26407 1
26417 1
26423 1
26431 1
26437 1
26449 1
26459 1
26479 1
26489 1
26497 1
26501 1
26513 1
26539 1
26557 1
26561 1
26573 1
26591 1
26597 1
26627 1
26633 1
26641 1
26647 1
26669 1
26681 1
26683 1
26687 1
26693 1
26699 1
26701 1
26711 1
26713 1
26717 1
26723 1
26729 1
26731 1
26737 1
26759 1
26777 1
26783 1
26801 1
26813 1
26821 1
26833 1
26839 1
26849 1
26861 1
26863 1
26879 1
26881 1
26891 1
26893 1
26903 1
26921 1
26927 1
26947 1
26951 1
26953 1
26959 1
26981 1
26987 1
26993 1
27011 1
27017 1
27031 1
27043 1
27059 1
27061 1
27067 1
27073 1
27077 1
27091 1
27103 1
27107 1
27109 1
27127 1
27143 1
27179 1
27191 1
27197 1
27211 1
27239 1
27241 1
27253 1
27259 1
27271 1
27277 1
27281 1
27283 1
27299 1
27329 1
27337 1
27361 1
27367 1
27397 1
27407 1
27409 1
27427 1
27431 1
27437 1
27449 1
27457 1
27479 1
27481 1
27487 1
27509 1
27527 1
27529 1
27539 1
27541 1
27551 1
27581 1
27583 1
27611 1
27617 1
27631 1
27647 1
27653 1
27673 1
27689 1
27691 1
27697 1
27701 1
27733 1
27737 1
27739 1
27743 1
27749 1
27751 1
27763 1
27767 1
27773 1
27779 1
27791 1
27793 1
27799 1
27803 1
27809 1
27817 1
27823 1
27827 1
27847 1
27851 1
27883 1
27893 1
27901 1
27917 1
27919 1
27941 1
27943 1
27947 1
27953 1
27961 1
27967 1
27983 1
27997 1
28001 1
28019 1
28027 1
28031 1
28051 1
28057 1
28069 1
28081 1
28087 1
28097 1
28099 1
28109 1
28111 1
28123 1
28151 1
28163 1
28181 1
28183 1
28201 1
28211 1
28219 1
28229 1
28277 1
28279 1
28283 1
28289 1
28297 1
28307 1
28309 1
28319 1
28349 1
28351 1
28387 1
28393 1
28403 1
28409 1
28411 1
28429 1
28433 1
28439 1
28447 1
28463 1
28477 1
28493 1
28499 1
28513 1
28517 1
28537 1
28541 1
28547 1
28549 1
28559 1
28571 1
28573 1
28579 1
28591 1
28597 1
28603 1
28607 1
28619 1
28621 1
28627 1
28631 1
28643 1
28649 1
28657 1
28661 1
28663 1
28669 1
28687 1
28697 1
28703 1
28711 1
28723 1
28729 1
28751 1
28753 1
28759 1
28771 1
28789 1
28793 1
28807 1
28813 1
28817 1
28837 1
28843 1
28859 1
28867 1
28871 1
28879 1
28901 1
28909 1
28921 1
28927 1
28933 1
28949 1
28961 1
28979 1
29009 1
29017 1
29021 1
29023 1
29027 1
29033 1
29059 1
29063 1
29077 1
29101 1
29123 1
29129 1
29131 1
29137 1
29147 1
29153 1
29167 1
29173 1
29179 1
29191 1
29201 1
29207 1
29209 1
29221 1
29231 1
29243 1
29251 1
29269 1
29287 1
29297 1
29303 1
29311 1
29327 1
29333 1
29339 1
29347 1
29363 1
29383 1
29387 1
29389 1
29399 1
29401 1
29411 1
29423 1
29429 1
29437 1
29443 1
29453 1
29473 1
29483 1
29501 1
29527 1
29531 1
29537 1
29567 1
29569 1
29573 1
29581 1
29587 1
29599 1
29611 1
29629 1
29633 1
29641 1
29663 1
29669 1
29671 1
29683 1
29717 1
29723 1
29741 1
29753 1
29759 1
29761 1
29789 1
29803 1
29819 1
29833 1
29837 1
29851 1
29863 1
29867 1
29873 1
29879 1
29881 1
29917 1
29921 1
29927 1
29947 1
29959 1
29983 1
29989 1
30011 1
30013 1
30029 1
30047 1
30059 1
30071 1
30089 1
30091 1
30097 1
30103 1
30109 1
30113 1
30119 1
30133 1
30137 1
30139 1
30161 1
30169 1
30181 1
30187 1
30197 1
30203 1
30211 1
30223 1
30241 1
30253 1
30259 1
30269 1
30271 1
30293 1
30307 1
30313 1
30319 1
30323 1
30341 1
30347 1
30367 1
30389 1
30391 1
30403 1
30427 1
30431 1
30449 1
30467 1
30469 1
30491 1
30493 1
30497 1
30509 1
30517 1
30529 1
30539 1
30553 1
30557 1
30559 1
30577 1
30593 1
30631 1
30637 1
30643 1
30649 1
30661 1
30671 1
30677 1
30689 1
30697 1
30703 1
30707 1
30713 1
30727 1
30757 1
30763 1
30773 1
30781 1
30803 1
30809 1
30817 1
30829 1
30839 1
30841 1
30851 1
30853 1
30859 1
30869 1
30871 1
30881 1
30893 1
30911 1
30931 1
30937 1
30941 1
30949 1
30971 1
30977 1
30983 1
31013 1
31019 1
31033 1
31039 1
31051 1
31063 1
31069 1
31079 1
31081 1
31091 1
31121 1
31123 1
31139 1
31147 1
31151 1
31153 1
31159 1
31177 1
31181 1
31183 1
31189 1
31193 1
31219 1
31223 1
31231 1
31237 1
31247 1
31249 1
31253 1
31259 1
31267 1
31271 1
31277 1
31307 1
31319 1
31321 1
31327 1
31333 1
31337 1
31357 1
31379 1
31387 1
31391 1
31393 1
31397 1
31469 1
31477 1
31481 1
31489 1
31511 1
31513 1
31517 1
31531 1
31541 1
31543 1
31547 1
31567 1
31573 1
31583 1
31601 1
31607 1
31627 1
31643 1
31649 1
31657 1
31663 1
31667 1
31687 1
31699 1
31721 1
31723 1
31727 1
31729 1
31741 1
31751 1
31769 1
31771 1
31793 1
31799 1
31817 1
31847 1
31849 1
31859 1
31873 1
31883 1
31891 1
31907 1
31957 1
31963 1
31973 1
31981 1
31991 1
32003 1
32009 1
32027 1
32029 1
32051 1
32057 1
32059 1
32063 1
32069 1
32077 1
32083 1
32089 1
32099 1
32117 1
32119 1
32141 1
32143 1
32159 1
32173 1
32183 1
32189 1
32191 1
32203 1
32213 1
32233 1
32237 1
32251 1
32257 1
32261 1
32297 1
32299 1
32303 1
32309 1
32321 1
32323 1
32327 1
32341 1
32353 1
32359 1
32363 1
32369 1
32371 1
32377 1
32381 1
32401 1
32411 1
32413 1
32423 1
32429 1
32441 1
32443 1
32467 1
32479 1
32491 1
32497 1
32503 1
32507 1
32531 1
32533 1
32537 1
32561 1
32563 1
32569 1
32573 1
32579 1
32587 1
32603 1
32609 1
32611 1
32621 1
32633 1
32647 1
32653 1
32687 1
32693 1
32707 1
32713 1
32717 1
32719 1
32749 1
32771 1
32779 1
32783 1
32789 1
32797 1
32801 1
32803 1
32831 1
32833 1
32839 1
32843 1
32869 1
32887 1
32909 1
32911 1
32917 1
32933 1
32939 1
32941 1
32957 1
32969 1
32971 1
32983 1
32987 1
32993 1
32999 1
33013 1
33023 1
33029 1
33037 1
33049 1
33053 1
33071 1
33073 1
33083 1
33091 1
33107 1
33113 1
33119 1
33149 1
33151 1
33161 1
33179 1
33181 1
33191 1
33199 1
33203 1
33211 1
33223 1
33247 1
33287 1
33289 1
33301 1
33311 1
33317 1
33329 1
33331 1
33343 1
33347 1
33349 1
33353 1
33359 1
33377 1
33391 1
33403 1
33409 1
33413 1
33427 1
33457 1
33461 1
33469 1
33479 1
33487 1
33493 1
33503 1
33521 1
33529 1
33533 1
33547 1
33563 1
33569 1
33577 1
33581 1
33587 1
33589 1
33599 1
33601 1
33613 1
33617 1
33619 1
33623 1
33629 1
33637 1
33641 1
33647 1
33679 1
33703 1
33713 1
33721 1
33739 1
33749 1
33751 1
33757 1
33767 1
33769 1
33773 1
33791 1
33797 1
33809 1
33811 1
33827 1
33829 1
33851 1
33857 1
33863 1
33871 1
33889 1
33893 1
33911 1
33923 1
33931 1
33937 1
33941 1
33961 1
33967 1
33997 1
34019 1
34031 1
34033 1
34039 1
34057 1
34061 1
34123 1
34127 1
34129 1
34141 1
34147 1
34157 1
34159 1
34171 1
34183 1
34211 1
34213 1
34217 1
34231 1
34253 1
34259 1
34261 1
34267 1
34273 1
34283 1
34297 1
34301 1
34303 1
34313 1
34319 1
34327 1
34337 1
34351 1
34361 1
34367 1
34369 1
34381 1
34403 1
34421 1
34429 1
34439 1
34457 1
34469 1
34471 1
34483 1
34487 1
34499 1
34501 1
34511 1
34513 1
34519 1
34537 1
34543 1
34549 1
34583 1
34589 1
34591 1
34603 1
34607 1
34613 1
34631 1
34649 1
34651 1
34667 1
34673 1
34679 1
34687 1
34693 1
34703 1
34721 1
34729 1
34739 1
34747 1
34757 1
34759 1
34763 1
34781 1
34807 1
34819 1
34841 1
34843 1
34847 1
34849 1
34871 1
34877 1
34883 1
34897 1
34913 1
34919 1
34939 1
34949 1
34961 1
34963 1
34981 1
35023 1
35027 1
35051 1
35053 1
35059 1
35069 1
35081 1
35083 1
35089 1
35099 1
35107 1
35111 1
35117 1
35129 1
35141 1
35149 1
35153 1
35159 1
35171 1
35201 1
35221 1
35227 1
35251 1
35257 1
35267 1
35279 1
35281 1
35291 1
35311 1
35317 1
35323 1
35327 1
35339 1
35353 1
35363 1
35381 1
35393 1
35401 1
35407 1
35419 1
35423 1
35437 1
35447 1
35449 1
35461 1
35491 1
35507 1
35509 1
35521 1
35527 1
35531 1
35533 1
35537 1
35543 1
35569 1
35573 1
35591 1
35593 1
35597 1
35603 1
35617 1
35671 1
35677 1
35729 1
35731 1
35747 1
35753 1
35759 1
35771 1
35797 1
35801 1
35803 1
35809 1
35831 1
35837 1
35839 1
35851 1
35863 1
35869 1
35879 1
35897 1
35899 1
35911 1
35923 1
35933 1
35951 1
35963 1
35969 1
35977 1
35983 1
35993 1
35999 1
36007 1
36011 1
36013 1
36017 1
36037 1
36061 1
36067 1
36073 1
36083 1
36097 1
36107 1
36109 1
36131 1
36137 1
36151 1
36161 1
36187 1
36191 1
36209 1
36217 1
36229 1
36241 1
36251 1
36263 1
36269 1
36277 1
36293 1
36299 1
36307 1
36313 1
36319 1
36341 1
36343 1
36353 1
36373 1
36383 1
36389 1
36433 1
36451 1
36457 1
36467 1
36469 1
36473 1
36479 1
36493 1
36497 1
36523 1
36527 1
36529 1
36541 1
36551 1
36559 1
36563 1
36571 1
36583 1
36587 1
36599 1
36607 1
36629 1
36637 1
36643 1
36653 1
36671 1
36677 1
36683 1
36691 1
36697 1
36709 1
36713 1
36721 1
36739 1
36749 1
36761 1
36767 1
36779 1
36781 1
36787 1
36791 1
36793 1
36809 1
36821 1
36833 1
36847 1
36857 1
36871 1
36877 1
36887 1
36899 1
36901 1
36913 1
36919 1
36923 1
36929 1
36931 1
36943 1
36947 1
36973 1
36979 1
36997 1
37003 1
37013 1
37019 1
37021 1
37039 1
37049 1
37057 1
37061 1
37087 1
37097 1
37117 1
37123 1
37139 1
37159 1
37171 1
37181 1
37189 1
37199 1
37201 1
37217 1
37223 1
37243 1
37253 1
37273 1
37277 1
37307 1
37309 1
37313 1
37321 1
37337 1
37339 1
37357 1
37361 1
37363 1
37369 1
37379 1
37397 1
37409 1
37423 1
37441 1
37447 1
37463 1
37483 1
37489 1
37493 1
37501 1
37507 1
37511 1
37517 1
37529 1
37537 1
37547 1
37549 1
37561 1
37567 1
37571 1
37573 1
37579 1
37589 1
37591 1
37607 1
37619 1
37633 1
37643 1
37649 1
37657 1
37663 1
37691 1
37693 1
37699 1
37717 1
37747 1
37781 1
37783 1
37799 1
37811 1
37813 1
37831 1
37847 1
37853 1
37861 1
37871 1
37879 1
37889 1
37897 1
37907 1
37951 1
37957 1
37963 1
37967 1
37987 1
37991 1
37993 1
37997 1
38011 1
38039 1
38047 1
38053 1
38069 1
38083 1
38113 1
38119 1
38149 1
38153 1
38167 1
38177 1
38183 1
38189 1
38197 1
38201 1
38219 1
38231 1
38237 1
38239 1
38261 1
38273 1
38281 1
38287 1
38299 1
38303 1
38317 1
38321 1
38327 1
38329 1
38333 1
38351 1
38371 1
38377 1
38393 1
38431 1
38447 1
38449 1
38453 1
38459 1
38461 1
38501 1
38543 1
38557 1
38561 1
38567 1
38569 1
38593 1
38603 1
38609 1
38611 1
38629 1
38639 1
38651 1
38653 1
38669 1
38671 1
38677 1
38693 1
38699 1
38707 1
38711 1
38713 1
38723 1
38729 1
38737 1
38747 1
38749 1
38767 1
38783 1
38791 1
38803 1
38821 1
38833 1
38839 1
38851 1
38861 1
38867 1
38873 1
38891 1
38903 1
38917 1
38921 1
38923 1
38933 1
38953 1
38959 1
38971 1
38977 1
38993 1
39019 1
39023 1
39041 1
39043 1
39047 1
39079 1
39089 1
39097 1
39103 1
39107 1
39113 1
39119 1
39133 1
39139 1
39157 1
39161 1
39163 1
39181 1
39191 1
39199 1
39209 1
39217 1
39227 1
39229 1
39233 1
39239 1
39241 1
39251 1
39293 1
39301 1
39313 1
39317 1
39323 1
39341 1
39343 1
39359 1
39367 1
39371 1
39373 1
39383 1
39397 1
39409 1
39419 1
39439 1
39443 1
39451 1
39461 1
39499 1
39503 1
39509 1
39511 1
39521 1
39541 1
39551 1
39563 1
39569 1
39581 1
39607 1
39619 1
39623 1
39631 1
39659 1
39667 1
39671 1
39679 1
39703 1
39709 1
39719 1
39727 1
39733 1
39749 1
39761 1
39769 1
39779 1
39791 1
39799 1
39821 1
39827 1
39829 1
39839 1
39841 1
39847 1
39857 1
39863 1
39869 1
39877 1
39883 1
39887 1
39901 1
39929 1
39937 1
39953 1
39971 1
39979 1
39983 1
39989 1
40009 1
40013 1
40031 1
40037 1
40039 1
40063 1
40087 1
40093 1
40099 1
40111 1
40123 1
40127 1
40129 1
40151 1
40153 1
40163 1
40169 1
40177 1
40189 1
40193 1
40213 1
40231 1
40237 1
40241 1
40253 1
40277 1
40283 1
40289 1
40343 1
40351 1
40357 1
40361 1
40387 1
40423 1
40427 1
40429 1
40433 1
40459 1
40471 1
40483 1
40487 1
40493 1
40499 1
40507 1
40519 1
40529 1
40531 1
40543 1
40559 1
40577 1
40583 1
40591 1
40597 1
40609 1
40627 1
40637 1
40639 1
40693 1
40697 1
40699 1
40709 1
40739 1
40751 1
40759 1
40763 1
40771 1
40787 1
40801 1
40813 1
40819 1
40823 1
40829 1
40841 1
40847 1
40849 1
40853 1
40867 1
40879 1
40883 1
40897 1
40903 1
40927 1
40933 1
40939 1
40949 1
40961 1
40973 1
40993 1
