155 46 155.00000000 sorted
155 47 154.45454545 sorted
765 237 765.00909091 sorted
765 238 764.51818182 sorted
1528 482 1528.00000000 sorted
1528 483 1527.60000000 sorted
1618 511 1618.00000000 sorted
1618 512 1617.51111111 sorted
1619 511 1619.00000000 sorted
1619 512 1618.51111111 sorted
2574 822 2574.00000000 sorted
2574 823 2573.53448276 sorted
2935 939 2935.00000000 sorted
2935 940 2934.62184874 sorted
3265 1049 3265.00517241 sorted
3265 1050 3264.70517241 sorted
5122 1654 5122.00335570 sorted
5122 1655 5121.68120805 sorted
5680 1840 5680.00131926 sorted
5680 1842 5679.61345646 sorted
9633 3145 9633.00000000 sorted
9633 3146 9632.93968254 sorted
