      N          t(N)          ub

   1000          312          313
   1100          344          345
   1200          377          378
   1300          408          409
   1400          438          441
   1500          472          473
   1600          505          506
   1700          536          537
   1800          569          570
   1900          602          603
   2000          635          636
   2100          667          668
   2200          700          702
   2300          732          734
   2400          764          765
   2500          795          796
   2600          829          830
   2700          862          864
   2800          894          896
   2900          927          929
   3000          960          961
   3100          992          993
   3200         1027         1028
   3300         1060         1061
   3400         1091         1094
   3500         1125         1126
   3600         1155         1158
   3700         1189         1190
   3800         1222         1223
   3900         1255         1256
   4000         1287         1289
   4100         1321         1322
   4200         1353         1354
   4300         1384         1385
   4400         1416         1417
   4500         1450         1453
   4600         1484         1486
   4700         1517         1518
   4800         1547         1548
   4900         1585         1586
   5000         1613         1615
   5100         1648         1651
   5200         1682         1683
   5300         1715         1718
   5400         1749         1751
   5500         1781         1782
   5600         1813         1815
   5700         1845         1846
   5800         1880         1881
   5900         1911         1912
   6000         1946         1947
   6100         1975         1980
   6200         2012         2014
   6300         2043         2045
   6400         2075         2078
   6500         2108         2111
   6600         2143         2145
   6700         2173         2177
   6800         2209         2211
   6900         2244         2245
   7000         2275         2276
   7100         2310         2311
   7200         2342         2344
   7300         2375         2376
   7400         2410         2411
   7500         2441         2443
   7600         2475         2476
   7700         2505         2507
   7800         2540         2541
   7900         2574         2575
   8000         2606         2608
   8100         2642         2643
   8200         2672         2675
   8300         2706         2707
   8400         2742         2743
   8500         2775         2776
   8600         2806         2807
   8700         2838         2840
   8800         2872         2874
   8900         2905         2907
   9000         2938         2939
   9100         2973         2974
   9200         3002         3007
   9300         3033         3036
   9400         3069         3072
   9500         3101         3104
   9600         3135         3137
   9700         3167         3170
   9800         3202         3204
   9900         3234         3236
  10000         3269         3271
  10100         3301         3304
  10200         3337         3338
  10300         3369         3370
  10400         3399         3404
  10500         3434         3435
  10600         3471         3472
  10700         3501         3503
  10800         3537         3538
  10900         3568         3571
  11000         3599         3602
  11100         3637         3639
  11200         3666         3668
  11300         3701         3703
  11400         3738         3739
  11500         3769         3771
  11600         3800         3803
  11700         3835         3836
  11800         3871         3872
  11900         3904         3906
  12000         3937         3938
  12100         3968         3971
  12200         4003         4004
  12300         4036         4038
  12400         4071         4072
  12500         4102         4104
  12600         4138         4139
  12700         4167         4169
  12800         4199         4202
  12900         4234         4237
  13000         4272         4273
  13100         4299         4305
  13200         4334         4335
  13300         4368         4369
  13400         4402         4403
  13500         4434         4436
  13600         4469         4471
  13700         4502         4503
  13800         4531         4536
  13900         4568         4570
  14000         4598         4600
  14100         4634         4636
  14200         4669         4670
  14300         4700         4704
  14400         4737         4739
  14500         4769         4771
  14600         4803         4805
  14700         4836         4837
  14800         4868         4869
  14900         4899         4900
  15000         4934         4937
  15100         4970         4972
  15200         5000         5003
  15300         5032         5035
  15400         5067         5069
  15500         5102         5103
  15600         5134         5137
  15700         5168         5169
  15800         5199         5200
  15900         5234         5235
  16000         5265         5267
  16100         5299         5300
  16200         5332         5333
  16300         5366         5368
  16400         5403         5404
  16500         5431         5435
  16600         5470         5472
  16700         5503         5506
  16800         5534         5537
  16900         5571         5572
  17000         5603         5605
  17100         5635         5636
  17200         5670         5671
  17300         5707         5708
  17400         5737         5738
  17500         5769         5770
  17600         5804         5805
  17700         5838         5839
  17800         5872         5874
  17900         5905         5908
  18000         5937         5938
  18100         5968         5970
  18200         6002         6004
  18300         6034         6036
  18400         6069         6070
  18500         6103         6105
  18600         6134         6137
  18700         6166         6170
  18800         6202         6206
  18900         6236         6238
  19000         6271         6274
  19100         6306         6308
  19200         6342         6343
  19300         6371         6373
  19400         6406         6408
  19500         6439         6441
  19600         6471         6473
  19700         6505         6507
  19800         6538         6540
  19900         6572         6574
  20000         6604         6605
  20100         6638         6641
  20200         6669         6674
  20300         6706         6709
  20400         6740         6741
  20500         6771         6772
  20600         6806         6807
  20700         6842         6844
  20800         6878         6879
  20900         6910         6912
  21000         6942         6943
  21100         6974         6978
  21200         7009         7011
  21300         7039         7045
  21400         7075         7078
  21500         7112         7114
  21600         7141         7143
  21700         7171         7176
  21800         7208         7211
  21900         7244         7246
  22000         7276         7279
  22100         7310         7311
  22200         7338         7341
  22300         7373         7375
  22400         7405         7409
  22500         7440         7442
  22600         7475         7476
  22700         7509         7512
  22800         7543         7544
  22900         7578         7579
  23000         7612         7614
  23100         7643         7645
  23200         7676         7678
  23300         7710         7712
  23400         7746         7748
  23500         7777         7778
  23600         7811         7812
  23700         7843         7846
  23800         7879         7880
  23900         7910         7912
  24000         7942         7944
  24100         7977         7979
  24200         8009         8011
  24300         8043         8045
  24400         8079         8081
  24500         8111         8115
  24600         8146         8148
  24700         8178         8179
  24800         8213         8215
  24900         8247         8250
  25000         8280         8281
  25100         8318         8319
  25200         8346         8347
  25300         8382         8384
  25400         8412         8414
  25500         8445         8447
  25600         8478         8480
  25700         8511         8515
  25800         8549         8551
  25900         8583         8585
  26000         8614         8617
  26100         8648         8651
  26200         8682         8684
  26300         8717         8719
  26400         8750         8752
  26500         8783         8784
  26600         8813         8815
  26700         8853         8855
  26800         8882         8886
  26900         8919         8921
  27000         8949         8951
  27100         8983         8987
  27200         9017         9019
  27300         9048         9052
  27400         9084         9088
  27500         9118         9119
  27600         9152         9154
  27700         9189         9190
  27800         9220         9221
  27900         9252         9254
  28000         9285         9289
  28100         9321         9322
  28200         9356         9358
  28300         9389         9391
  28400         9423         9425
  28500         9458         9462
  28600         9492         9494
  28700         9520         9524
  28800         9556         9557
  28900         9590         9592
  29000         9625         9628
  29100         9660         9661
  29200         9692         9694
  29300         9724         9725
  29400         9758         9759
  29500         9793         9795
  29600         9822         9825
  29700         9858         9859
  29800         9890         9892
  29900         9926         9929
  30000         9962         9964
  30100         9996         9999
  30200        10028        10030
  30300        10058        10060
  30400        10096        10099
  30500        10130        10133
  30600        10165        10167
  30700        10201        10202
  30800        10234        10235
  30900        10264        10266
  31000        10298        10300
  31100        10333        10334
  31200        10364        10366
  31300        10397        10399
  31400        10429        10431
  31500        10461        10467
  31600        10495        10498
  31700        10527        10532
  31800        10565        10566
  31900        10599        10602
  32000        10633        10638
  32100        10667        10669
  32200        10702        10704
  32300        10735        10737
  32400        10766        10768
  32500        10802        10803
  32600        10831        10836
  32700        10864        10870
  32800        10903        10905
  32900        10936        10940
  33000        10969        10971
  33100        11000        11005
  33200        11034        11036
  33300        11068        11071
  33400        11105        11106
  33500        11135        11139
  33600        11169        11172
  33700        11201        11206
  33800        11234        11235
  33900        11270        11271
  34000        11302        11306
  34100        11336        11341
  34200        11371        11374
  34300        11405        11407
  34400        11437        11440
  34500        11474        11476
  34600        11505        11506
  34700        11538        11539
  34800        11571        11574
  34900        11604        11607
  35000        11637        11639
  35100        11669        11672
  35200        11704        11705
  35300        11740        11742
  35400        11773        11775
  35500        11807        11809
  35600        11838        11840
  35700        11877        11879
  35800        11913        11914
  35900        11945        11946
  36000        11975        11977
  36100        12010        12013
  36200        12041        12045
  36300        12076        12079
  36400        12110        12113
  36500        12145        12147
  36600        12179        12181
  36700        12207        12210
  36800        12244        12248
  36900        12278        12280
  37000        12310        12312
  37100        12343        12345
  37200        12373        12378
  37300        12412        12418
  37400        12444        12448
  37500        12482        12483
  37600        12514        12517
  37700        12547        12551
  37800        12580        12586
  37900        12615        12618
  38000        12650        12653
  38100        12686        12690
  38200        12720        12722
  38300        12753        12757
  38400        12788        12789
  38500        12821        12825
  38600        12855        12860
  38700        12888        12889
  38800        12922        12923
  38900        12952        12957
  39000        12984        12992
  39100        13022        13024
  39200        13054        13058
  39300        13089        13091
  39400        13123        13124
  39500        13153        13158
  39600        13193        13194
  39700        13224        13225
  39800        13255        13256
  39900        13287        13289
  40000        13325        13327
  40100        13359        13360
  40200        13392        13394
  40300        13428        13430
  40400        13462        13464
  40500        13493        13497
  40600        13529        13530
  40700        13561        13563
  40800        13593        13597
  40900        13626        13629
  41000        13664        13666
  41100        13695        13700
  41200        13727        13734
  41300        13764        13767
  41400        13799        13801
  41500        13833        13834
  41600        13863        13866
  41700        13895        13901
  41800        13937        13939
  41900        13965        13970
  42000        14000        14003
  42100        14034        14037
  42200        14062        14067
  42300        14097        14100
  42400        14134        14135
  42500        14163        14165
  42600        14197        14200
  42700        14231        14233
  42800        14264        14266
  42900        14296        14297
  43000        14326        14330
  43100        14362        14363
  43200        14398        14399
  43300        14434        14436
  43400        14463        14469
  43500        14501        14503
  43600        14535        14536
  43700        14568        14571
  43800        14601        14603
  43900        14637        14638
  44000        14667        14670
  44100        14701        14705
  44200        14736        14738
  44300        14769        14771
  44400        14802        14806
  44500        14839        14843
  44600        14873        14875
  44700        14905        14907
  44800        14934        14938
  44900        14973        14976
  45000        15008        15009
  45100        15040        15045
  45200        15078        15080
  45300        15109        15112
  45400        15146        15148
  45500        15180        15181
  45600        15213        15214
  45700        15249        15250
  45800        15275        15283
  45900        15316        15320
  46000        15349        15351
  46100        15387        15388
  46200        15418        15420
  46300        15455        15457
  46400        15484        15490
  46500        15519        15521
  46600        15551        15554
  46700        15578        15585
  46800        15617        15622
  46900        15656        15657
  47000        15689        15691
  47100        15723        15725
  47200        15756        15758
  47300        15792        15794
  47400        15825        15827
  47500        15858        15862
  47600        15893        15895
  47700        15925        15928
  47800        15953        15956
  47900        15989        15990
  48000        16026        16028
  48100        16058        16060
  48200        16092        16094
  48300        16127        16129
  48400        16162        16165
  48500        16195        16198
  48600        16223        16231
  48700        16260        16263
  48800        16295        16297
  48900        16330        16331
  49000        16359        16360
  49100        16393        16395
  49200        16430        16434
  49300        16463        16465
  49400        16492        16496
  49500        16531        16532
  49600        16568        16569
  49700        16598        16600
  49800        16630        16632
  49900        16664        16666
  50000        16700        16701
  50100        16733        16735
  50200        16765        16767
  50300        16797        16799
  50400        16831        16833
  50500        16865        16867
  50600        16899        16901
  50700        16935        16937
  50800        16968        16970
  50900        17004        17006
  51000        17037        17041
  51100        17069        17072
  51200        17097        17104
  51300        17139        17140
  51400        17172        17176
  51500        17202        17203
  51600        17231        17237
  51700        17264        17267
  51800        17303        17305
  51900        17336        17337
  52000        17371        17374
  52100        17409        17411
  52200        17440        17443
  52300        17478        17479
  52400        17509        17511
  52500        17542        17543
  52600        17575        17580
  52700        17615        17617
  52800        17645        17650
  52900        17677        17683
  53000        17712        17713
  53100        17741        17749
  53200        17780        17782
  53300        17812        17813
  53400        17846        17849
  53500        17881        17882
  53600        17911        17916
  53700        17945        17948
  53800        17981        17983
  53900        18009        18016
  54000        18048        18052
  54100        18083        18084
  54200        18113        18120
  54300        18153        18156
  54400        18184        18187
  54500        18220        18223
  54600        18253        18257
  54700        18285        18288
  54800        18319        18323
  54900        18357        18359
  55000        18389        18392
  55100        18425        18426
  55200        18459        18461
  55300        18490        18495
  55400        18522        18528
  55500        18558        18562
  55600        18592        18594
  55700        18625        18627
  55800        18653        18662
  55900        18689        18694
  56000        18725        18728
  56100        18759        18760
  56200        18787        18796
  56300        18832        18833
  56400        18860        18861
  56500        18897        18898
  56600        18927        18928
  56700        18961        18964
  56800        18992        18996
  56900        19028        19029
  57000        19057        19062
  57100        19093        19097
  57200        19125        19129
  57300        19155        19159
  57400        19188        19194
  57500        19227        19231
  57600        19258        19262
  57700        19294        19296
  57800        19324        19328
  57900        19361        19362
  58000        19395        19397
  58100        19430        19431
  58200        19467        19468
  58300        19503        19505
  58400        19535        19536
  58500        19566        19568
  58600        19605        19606
  58700        19628        19633
  58800        19667        19669
  58900        19703        19704
  59000        19731        19737
  59100        19769        19772
  59200        19803        19804
  59300        19832        19835
  59400        19869        19871
  59500        19903        19906
  59600        19937        19938
  59700        19967        19972
  59800        20001        20004
  59900        20038        20042
  60000        20074        20077
  60100        20108        20112
  60200        20145        20146
  60300        20182        20183
  60400        20212        20213
  60500        20241        20246
  60600        20283        20285
  60700        20314        20316
  60800        20348        20350
  60900        20382        20386
  61000        20417        20419
  61100        20450        20455
  61200        20482        20488
  61300        20515        20519
  61400        20551        20555
  61500        20585        20587
  61600        20621        20623
  61700        20650        20654
  61800        20686        20688
  61900        20719        20722
  62000        20756        20759
  62100        20787        20790
  62200        20819        20823
  62300        20853        20854
  62400        20890        20891
  62500        20925        20926
  62600        20956        20957
  62700        20989        20990
  62800        21027        21028
  62900        21058        21061
  63000        21086        21092
  63100        21120        21127
  63200        21158        21161
  63300        21195        21197
  63400        21225        21231
  63500        21260        21263
  63600        21293        21296
  63700        21322        21328
  63800        21360        21363
  63900        21397        21399
  64000        21431        21434
  64100        21463        21467
  64200        21498        21501
  64300        21529        21532
  64400        21566        21567
  64500        21597        21603
  64600        21636        21637
  64700        21665        21672
  64800        21703        21706
  64900        21735        21742
  65000        21774        21777
  65100        21805        21807
  65200        21842        21843
  65300        21871        21876
  65400        21908        21910
  65500        21940        21941
  65600        21971        21974
  65700        22005        22010
  65800        22041        22043
  65900        22074        22076
  66000        22111        22113
  66100        22141        22146
  66200        22170        22175
  66300        22210        22213
  66400        22246        22247
  66500        22279        22282
  66600        22312        22315
  66700        22343        22349
  66800        22382        22383
  66900        22414        22416
  67000        22444        22449
  67100        22477        22480
  67200        22511        22513
  67300        22549        22550
  67400        22577        22581
  67500        22612        22615
  67600        22648        22653
  67700        22686        22689
  67800        22714        22719
  67900        22748        22750
  68000        22782        22784
  68100        22820        22823
  68200        22855        22857
  68300        22889        22891
  68400        22922        22924
  68500        22957        22958
  68600        22990        22992
  68700        23024        23027
  68800        23058        23063
  68900        23092        23095
  69000        23126        23128
  69100        23162        23164
  69200        23198        23200
  69300        23232        23234
  69400        23263        23265
  69500        23292        23298
  69600        23325        23332
  69700        23365        23366
  69800        23398        23400
  69900        23423        23435
  70000        23459        23461
  70100        23497        23499
  70200        23526        23530
  70300        23568        23569
  70400        23601        23605
  70500        23635        23638
  70600        23672        23674
  70700        23700        23706
  70800        23733        23736
  70900        23770        23772
  71000        23804        23807
  71100        23840        23842
  71200        23870        23875
  71300        23906        23909
  71400        23941        23943
  71500        23973        23974
  71600        24006        24010
  71700        24038        24043
  71800        24074        24078
  71900        24106        24112
  72000        24148        24149
  72100        24176        24181
  72200        24213        24214
  72300        24245        24247
  72400        24274        24278
  72500        24311        24313
  72600        24341        24345
  72700        24375        24381
  72800        24406        24415
  72900        24445        24449
  73000        24479        24484
  73100        24513        24516
  73200        24548        24550
  73300        24583        24585
  73400        24617        24618
  73500        24648        24649
  73600        24681        24683
  73700        24710        24714
  73800        24747        24750
  73900        24778        24784
  74000        24819        24822
  74100        24849        24856
  74200        24884        24887
  74300        24917        24920
  74400        24950        24953
  74500        24985        24988
  74600        25018        25019
  74700        25056        25060
  74800        25089        25091
  74900        25123        25126
  75000        25154        25159
  75100        25191        25195
  75200        25224        25228
  75300        25258        25260
  75400        25290        25294
  75500        25329        25333
  75600        25358        25367
  75700        25395        25400
  75800        25422        25428
  75900        25464        25467
  76000        25498        25500
  76100        25527        25531
  76200        25564        25568
  76300        25597        25603
  76400        25635        25637
  76500        25668        25670
  76600        25702        25705
  76700        25730        25739
  76800        25769        25770
  76900        25803        25804
  77000        25837        25839
  77100        25868        25871
  77200        25899        25905
  77300        25941        25943
  77400        25974        25978
  77500        26004        26009
  77600        26042        26044
  77700        26075        26076
  77800        26106        26109
  77900        26139        26140
  78000        26169        26174
  78100        26206        26212
  78200        26241        26245
  78300        26276        26280
  78400        26312        26315
  78500        26346        26350
  78600        26381        26385
  78700        26416        26418
  78800        26447        26452
  78900        26476        26481
  79000        26516        26519
  79100        26549        26551
  79200        26581        26583
  79300        26615        26618
  79400        26650        26653
  79500        26682        26686
  79600        26718        26722
  79700        26750        26756
  79800        26790        26791
  79900        26821        26824
  80000        26856        26858
  80100        26889        26895
  80200        26924        26927
  80300        26958        26961
  80400        26993        26995
  80500        27028        27030
  80600        27059        27062
  80700        27094        27097
  80800        27125        27130
  80900        27158        27161
  81000        27190        27196
  81100        27221        27223
  81200        27249        27253
  81300        27290        27292
  81400        27319        27323
  81500        27356        27360
  81600        27394        27397
  81700        27424        27430
  81800        27459        27464
  81900        27494        27496
  82000        27526        27533
  82100        27560        27563
  82200        27593        27597
  82300        27625        27629
  82400        27662        27664
  82500        27695        27697
  82600        27728        27729
  82700        27765        27768
  82800        27800        27804
  82900        27832        27836
  83000        27871        27876
  83100        27897        27903
  83200        27938        27939
  83300        27975        27976
  83400        28007        28009
  83500        28041        28042
  83600        28072        28078
  83700        28110        28114
  83800        28137        28146
  83900        28172        28178
  84000        28206        28210
  84100        28240        28243
  84200        28273        28275
  84300        28310        28313
  84400        28340        28345
  84500        28371        28376
  84600        28406        28408
  84700        28435        28442
  84800        28472        28479
  84900        28509        28513
  85000        28542        28545
  85100        28579        28583
  85200        28617        28619
  85300        28652        28654
  85400        28686        28690
  85500        28718        28721
  85600        28754        28758
  85700        28787        28791
  85800        28826        28827
  85900        28852        28858
  86000        28888        28892
  86100        28924        28928
  86200        28952        28955
  86300        28987        28990
  86400        29020        29026
  86500        29055        29056
  86600        29089        29090
  86700        29122        29124
  86800        29155        29159
  86900        29191        29194
  87000        29224        29229
  87100        29260        29264
  87200        29297        29299
  87300        29329        29332
  87400        29360        29367
  87500        29399        29401
  87600        29425        29434
  87700        29463        29466
  87800        29496        29498
  87900        29532        29536
  88000        29564        29571
  88100        29603        29606
  88200        29637        29641
  88300        29671        29674
  88400        29705        29706
  88500        29738        29740
  88600        29774        29776
  88700        29807        29809
  88800        29838        29841
  88900        29870        29875
  89000        29908        29911
  89100        29938        29943
  89200        29971        29973
  89300        30002        30006
  89400        30037        30042
  89500        30073        30074
  89600        30099        30105
  89700        30133        30139
  89800        30174        30177
  89900        30210        30212
  90000        30239        30244
  90100        30275        30278
  90200        30309        30312
  90300        30344        30345
  90400        30376        30378
  90500        30405        30408
  90600        30437        30444
  90700        30474        30479
  90800        30512        30515
  90900        30545        30549
  91000        30576        30582
  91100        30613        30619
  91200        30647        30650
  91300        30680        30684
  91400        30718        30722
  91500        30749        30751
  91600        30786        30789
  91700        30821        30822
  91800        30858        30861
  91900        30889        30893
  92000        30921        30928
  92100        30959        30960
  92200        30990        30993
  92300        31019        31022
  92400        31054        31058
  92500        31092        31095
  92600        31127        31128
  92700        31154        31158
  92800        31190        31197
  92900        31227        31230
  93000        31263        31267
  93100        31299        31301
  93200        31334        31337
  93300        31368        31370
  93400        31400        31402
  93500        31431        31437
  93600        31464        31465
  93700        31497        31498
  93800        31528        31532
  93900        31565        31572
  94000        31602        31604
  94100        31636        31639
  94200        31668        31669
  94300        31700        31704
  94400        31739        31741
  94500        31773        31776
  94600        31805        31808
  94700        31835        31838
  94800        31869        31873
  94900        31904        31906
  95000        31936        31939
  95100        31970        31975
  95200        32002        32007
  95300        32035        32037
  95400        32071        32074
  95500        32104        32109
  95600        32137        32145
  95700        32177        32180
  95800        32210        32212
  95900        32243        32245
  96000        32275        32279
  96100        32313        32315
  96200        32347        32350
  96300        32384        32387
  96400        32417        32418
  96500        32444        32450
  96600        32478        32483
  96700        32517        32521
  96800        32550        32554
  96900        32581        32585
  97000        32619        32620
  97100        32656        32659
  97200        32687        32690
  97300        32722        32725
  97400        32752        32756
  97500        32783        32792
  97600        32820        32825
  97700        32852        32859
  97800        32892        32895
  97900        32923        32926
  98000        32962        32964
  98100        32995        32997
  98200        33031        33032
  98300        33063        33068
  98400        33095        33100
  98500        33130        33132
  98600        33165        33167
  98700        33194        33201
  98800        33234        33237
  98900        33265        33268
  99000        33297        33299
  99100        33330        33336
  99200        33365        33366
  99300        33397        33400
  99400        33431        33435
  99500        33472        33473
  99600        33502        33508
  99700        33536        33540
  99800        33572        33575
  99900        33608        33609
 100000        33642        33646
